2022/02/28-21:15:36.847185 d854 RocksDB version: 5.18.4
2022/02/28-21:15:36.847302 d854 Git sha rocksdb_build_git_sha:@b9a4a10659969c71e6f6eab4e4bae8c36ede919f@
2022/02/28-21:15:36.847327 d854 Compile date Mar 11 2020
2022/02/28-21:15:36.847354 d854 DB SUMMARY
2022/02/28-21:15:36.847904 d854 CURRENT file:  CURRENT
2022/02/28-21:15:36.847942 d854 IDENTITY file:  IDENTITY
2022/02/28-21:15:36.848070 d854 MANIFEST file:  MANIFEST-000199 size: 610 Bytes
2022/02/28-21:15:36.848096 d854 SST files in D:\Developer\bishe\nacos\data\protocol\raft\naming_persistent_service_v2\log dir, Total Num: 9, files: 000184.sst 000186.sst 000188.sst 000190.sst 000192.sst 000194.sst 000196.sst 000198.sst 000200.sst 
2022/02/28-21:15:36.848118 d854 Write Ahead Log file in D:\Developer\bishe\nacos\data\protocol\raft\naming_persistent_service_v2\log: 000201.log size: 1951 ; 
2022/02/28-21:15:36.848224 d854                         Options.error_if_exists: 0
2022/02/28-21:15:36.848247 d854                       Options.create_if_missing: 1
2022/02/28-21:15:36.848258 d854                         Options.paranoid_checks: 1
2022/02/28-21:15:36.848268 d854                                     Options.env: 000002926E4E1550
2022/02/28-21:15:36.848277 d854                                Options.info_log: 000002926A17E700
2022/02/28-21:15:36.848285 d854                Options.max_file_opening_threads: 16
2022/02/28-21:15:36.848294 d854                              Options.statistics: 000002926988C080
2022/02/28-21:15:36.848302 d854                               Options.use_fsync: 0
2022/02/28-21:15:36.848311 d854                       Options.max_log_file_size: 0
2022/02/28-21:15:36.848320 d854                  Options.max_manifest_file_size: 1073741824
2022/02/28-21:15:36.848328 d854                   Options.log_file_time_to_roll: 0
2022/02/28-21:15:36.848337 d854                       Options.keep_log_file_num: 1000
2022/02/28-21:15:36.848345 d854                    Options.recycle_log_file_num: 0
2022/02/28-21:15:36.848354 d854                         Options.allow_fallocate: 1
2022/02/28-21:15:36.848362 d854                        Options.allow_mmap_reads: 0
2022/02/28-21:15:36.848371 d854                       Options.allow_mmap_writes: 0
2022/02/28-21:15:36.848379 d854                        Options.use_direct_reads: 0
2022/02/28-21:15:36.848388 d854                        Options.use_direct_io_for_flush_and_compaction: 0
2022/02/28-21:15:36.848396 d854          Options.create_missing_column_families: 1
2022/02/28-21:15:36.848405 d854                              Options.db_log_dir: 
2022/02/28-21:15:36.848413 d854                                 Options.wal_dir: D:\Developer\bishe\nacos\data\protocol\raft\naming_persistent_service_v2\log
2022/02/28-21:15:36.848422 d854                Options.table_cache_numshardbits: 6
2022/02/28-21:15:36.848431 d854                      Options.max_subcompactions: 1
2022/02/28-21:15:36.848439 d854                  Options.max_background_flushes: 1
2022/02/28-21:15:36.848448 d854                         Options.WAL_ttl_seconds: 0
2022/02/28-21:15:36.848456 d854                       Options.WAL_size_limit_MB: 0
2022/02/28-21:15:36.848465 d854             Options.manifest_preallocation_size: 4194304
2022/02/28-21:15:36.848473 d854                     Options.is_fd_close_on_exec: 1
2022/02/28-21:15:36.848482 d854                   Options.advise_random_on_open: 1
2022/02/28-21:15:36.848490 d854                    Options.db_write_buffer_size: 0
2022/02/28-21:15:36.848499 d854                    Options.write_buffer_manager: 000002926B5CE220
2022/02/28-21:15:36.848509 d854         Options.access_hint_on_compaction_start: 1
2022/02/28-21:15:36.848518 d854  Options.new_table_reader_for_compaction_inputs: 0
2022/02/28-21:15:36.848526 d854           Options.random_access_max_buffer_size: 1048576
2022/02/28-21:15:36.848534 d854                      Options.use_adaptive_mutex: 0
2022/02/28-21:15:36.848543 d854                            Options.rate_limiter: 0000000000000000
2022/02/28-21:15:36.848552 d854     Options.sst_file_manager.rate_bytes_per_sec: 0
2022/02/28-21:15:36.848590 d854                       Options.wal_recovery_mode: 2
2022/02/28-21:15:36.848600 d854                  Options.enable_thread_tracking: 0
2022/02/28-21:15:36.848609 d854                  Options.enable_pipelined_write: 0
2022/02/28-21:15:36.848617 d854         Options.allow_concurrent_memtable_write: 1
2022/02/28-21:15:36.848626 d854      Options.enable_write_thread_adaptive_yield: 1
2022/02/28-21:15:36.848634 d854             Options.write_thread_max_yield_usec: 100
2022/02/28-21:15:36.848643 d854            Options.write_thread_slow_yield_usec: 3
2022/02/28-21:15:36.848651 d854                               Options.row_cache: None
2022/02/28-21:15:36.848660 d854                              Options.wal_filter: None
2022/02/28-21:15:36.848668 d854             Options.avoid_flush_during_recovery: 0
2022/02/28-21:15:36.848677 d854             Options.allow_ingest_behind: 0
2022/02/28-21:15:36.848686 d854             Options.preserve_deletes: 0
2022/02/28-21:15:36.848694 d854             Options.two_write_queues: 0
2022/02/28-21:15:36.848702 d854             Options.manual_wal_flush: 0
2022/02/28-21:15:36.848711 d854             Options.max_background_jobs: 2
2022/02/28-21:15:36.848719 d854             Options.max_background_compactions: 4
2022/02/28-21:15:36.848728 d854             Options.avoid_flush_during_shutdown: 0
2022/02/28-21:15:36.848736 d854           Options.writable_file_max_buffer_size: 1048576
2022/02/28-21:15:36.848745 d854             Options.delayed_write_rate : 16777216
2022/02/28-21:15:36.848753 d854             Options.max_total_wal_size: 0
2022/02/28-21:15:36.848762 d854             Options.delete_obsolete_files_period_micros: 21600000000
2022/02/28-21:15:36.848771 d854                   Options.stats_dump_period_sec: 600
2022/02/28-21:15:36.848779 d854                          Options.max_open_files: -1
2022/02/28-21:15:36.848788 d854                          Options.bytes_per_sync: 0
2022/02/28-21:15:36.848797 d854                      Options.wal_bytes_per_sync: 0
2022/02/28-21:15:36.848805 d854       Options.compaction_readahead_size: 0
2022/02/28-21:15:36.848814 d854 Compression algorithms supported:
2022/02/28-21:15:36.848823 d854 	kZSTD supported: 1
2022/02/28-21:15:36.848832 d854 	kSnappyCompression supported: 1
2022/02/28-21:15:36.848840 d854 	kBZip2Compression supported: 0
2022/02/28-21:15:36.848849 d854 	kZlibCompression supported: 1
2022/02/28-21:15:36.848857 d854 	kLZ4Compression supported: 1
2022/02/28-21:15:36.848866 d854 	kXpressCompression supported: 0
2022/02/28-21:15:36.848874 d854 	kLZ4HCCompression supported: 1
2022/02/28-21:15:36.848883 d854 	kZSTDNotFinalCompression supported: 1
2022/02/28-21:15:36.848896 d854 Fast CRC32 supported: Supported on x86
2022/02/28-21:15:36.851783 d854 [db\version_set.cc:3508] Recovering from manifest file: MANIFEST-000199
2022/02/28-21:15:36.852299 d854 [db\column_family.cc:474] --------------- Options for column family [default]:
2022/02/28-21:15:36.852318 d854               Options.comparator: leveldb.BytewiseComparator
2022/02/28-21:15:36.852327 d854           Options.merge_operator: StringAppendOperator
2022/02/28-21:15:36.852336 d854        Options.compaction_filter: None
2022/02/28-21:15:36.852345 d854        Options.compaction_filter_factory: None
2022/02/28-21:15:36.852353 d854         Options.memtable_factory: SkipListFactory
2022/02/28-21:15:36.852362 d854            Options.table_factory: BlockBasedTable
2022/02/28-21:15:36.852390 d854            table_factory options:   flush_block_policy_factory: FlushBlockBySizePolicyFactory (00000292703B3990)
  cache_index_and_filter_blocks: 0
  cache_index_and_filter_blocks_with_high_priority: 1
  pin_l0_filter_and_index_blocks_in_cache: 1
  pin_top_level_index_and_filter: 1
  index_type: 2
  hash_index_allow_collision: 1
  checksum: 1
  no_block_cache: 0
  block_cache: 000002926D29A8E0
  block_cache_name: LRUCache
  block_cache_options:
    capacity : 536870912
    num_shard_bits : 8
    strict_capacity_limit : 0
    memory_allocator : None
    high_pri_pool_ratio: 0.000
  block_cache_compressed: 0000000000000000
  persistent_cache: 0000000000000000
  block_size: 4096
  block_size_deviation: 10
  block_restart_interval: 16
  index_block_restart_interval: 1
  metadata_block_size: 8192
  partition_filters: 1
  use_delta_encoding: 1
  filter_policy: nullptr
  whole_key_filtering: 1
  verify_compression: 0
  read_amp_bytes_per_bit: 0
  format_version: 0
  enable_index_compression: 1
  block_align: 0
2022/02/28-21:15:36.852436 d854        Options.write_buffer_size: 67108864
2022/02/28-21:15:36.852446 d854  Options.max_write_buffer_number: 3
2022/02/28-21:15:36.852455 d854          Options.compression: Snappy
2022/02/28-21:15:36.852463 d854                  Options.bottommost_compression: Disabled
2022/02/28-21:15:36.852472 d854       Options.prefix_extractor: rocksdb.FixedPrefix.8
2022/02/28-21:15:36.852480 d854   Options.memtable_insert_with_hint_prefix_extractor: nullptr
2022/02/28-21:15:36.852489 d854             Options.num_levels: 7
2022/02/28-21:15:36.852498 d854        Options.min_write_buffer_number_to_merge: 1
2022/02/28-21:15:36.852507 d854     Options.max_write_buffer_number_to_maintain: 0
2022/02/28-21:15:36.852516 d854            Options.bottommost_compression_opts.window_bits: -14
2022/02/28-21:15:36.852524 d854                  Options.bottommost_compression_opts.level: 32767
2022/02/28-21:15:36.852533 d854               Options.bottommost_compression_opts.strategy: 0
2022/02/28-21:15:36.852541 d854         Options.bottommost_compression_opts.max_dict_bytes: 0
2022/02/28-21:15:36.852550 d854         Options.bottommost_compression_opts.zstd_max_train_bytes: 0
2022/02/28-21:15:36.852558 d854                  Options.bottommost_compression_opts.enabled: false
2022/02/28-21:15:36.852567 d854            Options.compression_opts.window_bits: -14
2022/02/28-21:15:36.852575 d854                  Options.compression_opts.level: 32767
2022/02/28-21:15:36.852584 d854               Options.compression_opts.strategy: 0
2022/02/28-21:15:36.852592 d854         Options.compression_opts.max_dict_bytes: 0
2022/02/28-21:15:36.852601 d854         Options.compression_opts.zstd_max_train_bytes: 0
2022/02/28-21:15:36.852609 d854                  Options.compression_opts.enabled: false
2022/02/28-21:15:36.852618 d854      Options.level0_file_num_compaction_trigger: 10
2022/02/28-21:15:36.852626 d854          Options.level0_slowdown_writes_trigger: 20
2022/02/28-21:15:36.852634 d854              Options.level0_stop_writes_trigger: 40
2022/02/28-21:15:36.852643 d854                   Options.target_file_size_base: 67108864
2022/02/28-21:15:36.852651 d854             Options.target_file_size_multiplier: 1
2022/02/28-21:15:36.852660 d854                Options.max_bytes_for_level_base: 536870912
2022/02/28-21:15:36.852668 d854 Options.level_compaction_dynamic_level_bytes: 0
2022/02/28-21:15:36.852677 d854          Options.max_bytes_for_level_multiplier: 10.000000
2022/02/28-21:15:36.852687 d854 Options.max_bytes_for_level_multiplier_addtl[0]: 1
2022/02/28-21:15:36.852696 d854 Options.max_bytes_for_level_multiplier_addtl[1]: 1
2022/02/28-21:15:36.852704 d854 Options.max_bytes_for_level_multiplier_addtl[2]: 1
2022/02/28-21:15:36.852713 d854 Options.max_bytes_for_level_multiplier_addtl[3]: 1
2022/02/28-21:15:36.852721 d854 Options.max_bytes_for_level_multiplier_addtl[4]: 1
2022/02/28-21:15:36.852730 d854 Options.max_bytes_for_level_multiplier_addtl[5]: 1
2022/02/28-21:15:36.852738 d854 Options.max_bytes_for_level_multiplier_addtl[6]: 1
2022/02/28-21:15:36.852747 d854       Options.max_sequential_skip_in_iterations: 8
2022/02/28-21:15:36.852755 d854                    Options.max_compaction_bytes: 1677721600
2022/02/28-21:15:36.852764 d854                        Options.arena_block_size: 8388608
2022/02/28-21:15:36.852772 d854   Options.soft_pending_compaction_bytes_limit: 68719476736
2022/02/28-21:15:36.852781 d854   Options.hard_pending_compaction_bytes_limit: 274877906944
2022/02/28-21:15:36.852791 d854       Options.rate_limit_delay_max_milliseconds: 100
2022/02/28-21:15:36.852800 d854                Options.disable_auto_compactions: 0
2022/02/28-21:15:36.852811 d854                        Options.compaction_style: kCompactionStyleLevel
2022/02/28-21:15:36.852820 d854                          Options.compaction_pri: kByCompensatedSize
2022/02/28-21:15:36.852829 d854 Options.compaction_options_universal.size_ratio: 1
2022/02/28-21:15:36.852837 d854 Options.compaction_options_universal.min_merge_width: 2
2022/02/28-21:15:36.852846 d854 Options.compaction_options_universal.max_merge_width: 4294967295
2022/02/28-21:15:36.852854 d854 Options.compaction_options_universal.max_size_amplification_percent: 200
2022/02/28-21:15:36.852863 d854 Options.compaction_options_universal.compression_size_percent: -1
2022/02/28-21:15:36.852872 d854 Options.compaction_options_universal.stop_style: kCompactionStopStyleTotalSize
2022/02/28-21:15:36.852881 d854 Options.compaction_options_fifo.max_table_files_size: 1073741824
2022/02/28-21:15:36.852889 d854 Options.compaction_options_fifo.allow_compaction: 0
2022/02/28-21:15:36.852898 d854 Options.compaction_options_fifo.ttl: 0
2022/02/28-21:15:36.852906 d854                   Options.table_properties_collectors: 
2022/02/28-21:15:36.852915 d854                   Options.inplace_update_support: 0
2022/02/28-21:15:36.852923 d854                 Options.inplace_update_num_locks: 10000
2022/02/28-21:15:36.852931 d854               Options.memtable_prefix_bloom_size_ratio: 0.125000
2022/02/28-21:15:36.852940 d854   Options.memtable_huge_page_size: 0
2022/02/28-21:15:36.852949 d854                           Options.bloom_locality: 0
2022/02/28-21:15:36.852957 d854                    Options.max_successive_merges: 0
2022/02/28-21:15:36.852966 d854                Options.optimize_filters_for_hits: 0
2022/02/28-21:15:36.852974 d854                Options.paranoid_file_checks: 0
2022/02/28-21:15:36.852983 d854                Options.force_consistency_checks: 1
2022/02/28-21:15:36.852991 d854                Options.report_bg_io_stats: 0
2022/02/28-21:15:36.852999 d854                               Options.ttl: 0
2022/02/28-21:15:36.855301 d854 [db\column_family.cc:474] --------------- Options for column family [Configuration]:
2022/02/28-21:15:36.855333 d854               Options.comparator: leveldb.BytewiseComparator
2022/02/28-21:15:36.855343 d854           Options.merge_operator: StringAppendOperator
2022/02/28-21:15:36.855352 d854        Options.compaction_filter: None
2022/02/28-21:15:36.855360 d854        Options.compaction_filter_factory: None
2022/02/28-21:15:36.855369 d854         Options.memtable_factory: SkipListFactory
2022/02/28-21:15:36.855378 d854            Options.table_factory: BlockBasedTable
2022/02/28-21:15:36.855404 d854            table_factory options:   flush_block_policy_factory: FlushBlockBySizePolicyFactory (00000292703B3990)
  cache_index_and_filter_blocks: 0
  cache_index_and_filter_blocks_with_high_priority: 1
  pin_l0_filter_and_index_blocks_in_cache: 1
  pin_top_level_index_and_filter: 1
  index_type: 2
  hash_index_allow_collision: 1
  checksum: 1
  no_block_cache: 0
  block_cache: 000002926D29A8E0
  block_cache_name: LRUCache
  block_cache_options:
    capacity : 536870912
    num_shard_bits : 8
    strict_capacity_limit : 0
    memory_allocator : None
    high_pri_pool_ratio: 0.000
  block_cache_compressed: 0000000000000000
  persistent_cache: 0000000000000000
  block_size: 4096
  block_size_deviation: 10
  block_restart_interval: 16
  index_block_restart_interval: 1
  metadata_block_size: 8192
  partition_filters: 1
  use_delta_encoding: 1
  filter_policy: nullptr
  whole_key_filtering: 1
  verify_compression: 0
  read_amp_bytes_per_bit: 0
  format_version: 0
  enable_index_compression: 1
  block_align: 0
2022/02/28-21:15:36.855413 d854        Options.write_buffer_size: 67108864
2022/02/28-21:15:36.855422 d854  Options.max_write_buffer_number: 3
2022/02/28-21:15:36.855430 d854          Options.compression: Snappy
2022/02/28-21:15:36.855439 d854                  Options.bottommost_compression: Disabled
2022/02/28-21:15:36.855448 d854       Options.prefix_extractor: rocksdb.FixedPrefix.8
2022/02/28-21:15:36.855507 d854   Options.memtable_insert_with_hint_prefix_extractor: nullptr
2022/02/28-21:15:36.855517 d854             Options.num_levels: 7
2022/02/28-21:15:36.855526 d854        Options.min_write_buffer_number_to_merge: 1
2022/02/28-21:15:36.855534 d854     Options.max_write_buffer_number_to_maintain: 0
2022/02/28-21:15:36.855543 d854            Options.bottommost_compression_opts.window_bits: -14
2022/02/28-21:15:36.855552 d854                  Options.bottommost_compression_opts.level: 32767
2022/02/28-21:15:36.855560 d854               Options.bottommost_compression_opts.strategy: 0
2022/02/28-21:15:36.855569 d854         Options.bottommost_compression_opts.max_dict_bytes: 0
2022/02/28-21:15:36.855577 d854         Options.bottommost_compression_opts.zstd_max_train_bytes: 0
2022/02/28-21:15:36.855586 d854                  Options.bottommost_compression_opts.enabled: false
2022/02/28-21:15:36.855595 d854            Options.compression_opts.window_bits: -14
2022/02/28-21:15:36.855603 d854                  Options.compression_opts.level: 32767
2022/02/28-21:15:36.855612 d854               Options.compression_opts.strategy: 0
2022/02/28-21:15:36.855620 d854         Options.compression_opts.max_dict_bytes: 0
2022/02/28-21:15:36.855629 d854         Options.compression_opts.zstd_max_train_bytes: 0
2022/02/28-21:15:36.855637 d854                  Options.compression_opts.enabled: false
2022/02/28-21:15:36.855646 d854      Options.level0_file_num_compaction_trigger: 10
2022/02/28-21:15:36.855654 d854          Options.level0_slowdown_writes_trigger: 20
2022/02/28-21:15:36.855663 d854              Options.level0_stop_writes_trigger: 40
2022/02/28-21:15:36.855671 d854                   Options.target_file_size_base: 67108864
2022/02/28-21:15:36.855680 d854             Options.target_file_size_multiplier: 1
2022/02/28-21:15:36.855689 d854                Options.max_bytes_for_level_base: 536870912
2022/02/28-21:15:36.855697 d854 Options.level_compaction_dynamic_level_bytes: 0
2022/02/28-21:15:36.855706 d854          Options.max_bytes_for_level_multiplier: 10.000000
2022/02/28-21:15:36.855716 d854 Options.max_bytes_for_level_multiplier_addtl[0]: 1
2022/02/28-21:15:36.855724 d854 Options.max_bytes_for_level_multiplier_addtl[1]: 1
2022/02/28-21:15:36.855733 d854 Options.max_bytes_for_level_multiplier_addtl[2]: 1
2022/02/28-21:15:36.855741 d854 Options.max_bytes_for_level_multiplier_addtl[3]: 1
2022/02/28-21:15:36.855750 d854 Options.max_bytes_for_level_multiplier_addtl[4]: 1
2022/02/28-21:15:36.855758 d854 Options.max_bytes_for_level_multiplier_addtl[5]: 1
2022/02/28-21:15:36.855766 d854 Options.max_bytes_for_level_multiplier_addtl[6]: 1
2022/02/28-21:15:36.855775 d854       Options.max_sequential_skip_in_iterations: 8
2022/02/28-21:15:36.855783 d854                    Options.max_compaction_bytes: 1677721600
2022/02/28-21:15:36.855792 d854                        Options.arena_block_size: 8388608
2022/02/28-21:15:36.855800 d854   Options.soft_pending_compaction_bytes_limit: 68719476736
2022/02/28-21:15:36.855808 d854   Options.hard_pending_compaction_bytes_limit: 274877906944
2022/02/28-21:15:36.855817 d854       Options.rate_limit_delay_max_milliseconds: 100
2022/02/28-21:15:36.855827 d854                Options.disable_auto_compactions: 0
2022/02/28-21:15:36.855838 d854                        Options.compaction_style: kCompactionStyleLevel
2022/02/28-21:15:36.855847 d854                          Options.compaction_pri: kByCompensatedSize
2022/02/28-21:15:36.855856 d854 Options.compaction_options_universal.size_ratio: 1
2022/02/28-21:15:36.855864 d854 Options.compaction_options_universal.min_merge_width: 2
2022/02/28-21:15:36.855872 d854 Options.compaction_options_universal.max_merge_width: 4294967295
2022/02/28-21:15:36.855881 d854 Options.compaction_options_universal.max_size_amplification_percent: 200
2022/02/28-21:15:36.855889 d854 Options.compaction_options_universal.compression_size_percent: -1
2022/02/28-21:15:36.855898 d854 Options.compaction_options_universal.stop_style: kCompactionStopStyleTotalSize
2022/02/28-21:15:36.855908 d854 Options.compaction_options_fifo.max_table_files_size: 1073741824
2022/02/28-21:15:36.855917 d854 Options.compaction_options_fifo.allow_compaction: 0
2022/02/28-21:15:36.855925 d854 Options.compaction_options_fifo.ttl: 0
2022/02/28-21:15:36.855934 d854                   Options.table_properties_collectors: 
2022/02/28-21:15:36.855942 d854                   Options.inplace_update_support: 0
2022/02/28-21:15:36.855950 d854                 Options.inplace_update_num_locks: 10000
2022/02/28-21:15:36.855959 d854               Options.memtable_prefix_bloom_size_ratio: 0.125000
2022/02/28-21:15:36.855968 d854   Options.memtable_huge_page_size: 0
2022/02/28-21:15:36.855976 d854                           Options.bloom_locality: 0
2022/02/28-21:15:36.855984 d854                    Options.max_successive_merges: 0
2022/02/28-21:15:36.855993 d854                Options.optimize_filters_for_hits: 0
2022/02/28-21:15:36.856001 d854                Options.paranoid_file_checks: 0
2022/02/28-21:15:36.856010 d854                Options.force_consistency_checks: 1
2022/02/28-21:15:36.856018 d854                Options.report_bg_io_stats: 0
2022/02/28-21:15:36.856026 d854                               Options.ttl: 0
2022/02/28-21:15:36.862646 d854 [db\version_set.cc:3724] Recovered from manifest file:D:\Developer\bishe\nacos\data\protocol\raft\naming_persistent_service_v2\log/MANIFEST-000199 succeeded,manifest_file_number is 199, next_file_number is 202, last_sequence is 3064, log_number is 0,prev_log_number is 0,max_column_family is 1,min_log_number_to_keep is 0
2022/02/28-21:15:36.862672 d854 [db\version_set.cc:3732] Column family [default] (ID 0), log number is 198
2022/02/28-21:15:36.862681 d854 [db\version_set.cc:3732] Column family [Configuration] (ID 1), log number is 198
2022/02/28-21:15:36.864971 d854 EVENT_LOG_v1 {"time_micros": 1646054136864481, "job": 1, "event": "recovery_started", "log_files": [201]}
2022/02/28-21:15:36.864997 d854 [db\db_impl_open.cc:578] Recovering log #201 mode 2
2022/02/28-21:15:36.869873 d854 EVENT_LOG_v1 {"time_micros": 1646054136869855, "cf_name": "default", "job": 1, "event": "table_file_creation", "file_number": 202, "file_size": 747, "table_properties": {"data_size": 0, "index_size": 13, "filter_size": 0, "raw_key_size": 32, "raw_average_key_size": 0, "raw_value_size": 16, "raw_average_value_size": 0, "num_data_blocks": 0, "num_entries": 0, "filter_policy_name": ""}}
2022/02/28-21:15:36.872567 d854 [db\version_set.cc:3037] Creating manifest 203
2022/02/28-21:15:36.887756 d854 EVENT_LOG_v1 {"time_micros": 1646054136887722, "cf_name": "Configuration", "job": 1, "event": "table_file_creation", "file_number": 204, "file_size": 877, "table_properties": {"data_size": 44, "index_size": 49, "filter_size": 0, "raw_key_size": 58, "raw_average_key_size": 58, "raw_value_size": 24, "raw_average_value_size": 24, "num_data_blocks": 1, "num_entries": 1, "filter_policy_name": ""}}
2022/02/28-21:15:36.893468 d854 EVENT_LOG_v1 {"time_micros": 1646054136893459, "job": 1, "event": "recovery_finished"}
2022/02/28-21:15:36.906203 d854 [db\db_impl_open.cc:1314] DB pointer 000002927040E030
2022/02/28-21:15:36.907055 b48c [WARN] [db\db_impl.cc:669] ------- DUMPING STATS -------
2022/02/28-21:15:36.907101 b48c [WARN] [db\db_impl.cc:670] 
** DB Stats **
Uptime(secs): 0.1 total, 0.1 interval
Cumulative writes: 0 writes, 0 keys, 0 commit groups, 0.0 writes per commit group, ingest: 0.00 GB, 0.00 MB/s
Cumulative WAL: 0 writes, 0 syncs, 0.00 writes per sync, written: 0.00 GB, 0.00 MB/s
Cumulative stall: 00:00:0.000 H:M:S, 0.0 percent
Interval writes: 0 writes, 0 keys, 0 commit groups, 0.0 writes per commit group, ingest: 0.00 MB, 0.00 MB/s
Interval WAL: 0 writes, 0 syncs, 0.00 writes per sync, written: 0.00 MB, 0.00 MB/s
Interval stall: 00:00:0.000 H:M:S, 0.0 percent

** Compaction Stats [default] **
Level    Files   Size     Score Read(GB)  Rn(GB) Rnp1(GB) Write(GB) Wnew(GB) Moved(GB) W-Amp Rd(MB/s) Wr(MB/s) Comp(sec) Comp(cnt) Avg(sec) KeyIn KeyDrop
----------------------------------------------------------------------------------------------------------------------------------------------------------
  L0      5/0    3.65 KB   0.5      0.0     0.0      0.0       0.0      0.0       0.0   1.0      0.0      0.2         0         1    0.004       0      0
 Sum      5/0    3.65 KB   0.0      0.0     0.0      0.0       0.0      0.0       0.0   1.0      0.0      0.2         0         1    0.004       0      0
 Int      0/0    0.00 KB   0.0      0.0     0.0      0.0       0.0      0.0       0.0   1.0      0.0      0.2         0         1    0.004       0      0
Uptime(secs): 0.1 total, 0.1 interval
Flush(GB): cumulative 0.000, interval 0.000
AddFile(GB): cumulative 0.000, interval 0.000
AddFile(Total Files): cumulative 0, interval 0
AddFile(L0 Files): cumulative 0, interval 0
AddFile(Keys): cumulative 0, interval 0
Cumulative compaction: 0.00 GB write, 0.01 MB/s write, 0.00 GB read, 0.00 MB/s read, 0.0 seconds
Interval compaction: 0.00 GB write, 0.01 MB/s write, 0.00 GB read, 0.00 MB/s read, 0.0 seconds
Stalls(count): 0 level0_slowdown, 0 level0_slowdown_with_compaction, 0 level0_numfiles, 0 level0_numfiles_with_compaction, 0 stop for pending_compaction_bytes, 0 slowdown for pending_compaction_bytes, 0 memtable_compaction, 0 memtable_slowdown, interval 0 total count

** File Read Latency Histogram By Level [default] **
** Level 0 read latency histogram (micros):
Count: 25 Average: 77.4800  StdDev: 170.73
Min: 2  Median: 3.7000  Max: 655
Percentiles: P50: 3.70 P75: 20.25 P99: 655.00 P99.9: 655.00 P99.99: 655.00
------------------------------------------------------
(       1,       2 ]        8  32.000%  32.000% ######
(       2,       3 ]        1   4.000%  36.000% #
(       3,       4 ]        5  20.000%  56.000% ####
(       4,       6 ]        3  12.000%  68.000% ##
(       6,      10 ]        1   4.000%  72.000% #
(      15,      22 ]        1   4.000%  76.000% #
(      22,      34 ]        1   4.000%  80.000% #
(      34,      51 ]        1   4.000%  84.000% #
(     250,     380 ]        1   4.000%  88.000% #
(     380,     580 ]        2   8.000%  96.000% ##
(     580,     870 ]        1   4.000% 100.000% #


** Compaction Stats [Configuration] **
Level    Files   Size     Score Read(GB)  Rn(GB) Rnp1(GB) Write(GB) Wnew(GB) Moved(GB) W-Amp Rd(MB/s) Wr(MB/s) Comp(sec) Comp(cnt) Avg(sec) KeyIn KeyDrop
----------------------------------------------------------------------------------------------------------------------------------------------------------
  L0      5/0    4.28 KB   0.5      0.0     0.0      0.0       0.0      0.0       0.0   1.0      0.0      0.2         0         1    0.004       0      0
  L1      1/0    0.76 KB   0.0      0.0     0.0      0.0       0.0      0.0       0.0   0.0      0.0      0.0         0         0    0.000       0      0
 Sum      6/0    5.04 KB   0.0      0.0     0.0      0.0       0.0      0.0       0.0   1.0      0.0      0.2         0         1    0.004       0      0
 Int      0/0    0.00 KB   0.0      0.0     0.0      0.0       0.0      0.0       0.0   1.0      0.0      0.2         0         1    0.004       0      0
Uptime(secs): 0.1 total, 0.1 interval
Flush(GB): cumulative 0.000, interval 0.000
AddFile(GB): cumulative 0.000, interval 0.000
AddFile(Total Files): cumulative 0, interval 0
AddFile(L0 Files): cumulative 0, interval 0
AddFile(Keys): cumulative 0, interval 0
Cumulative compaction: 0.00 GB write, 0.02 MB/s write, 0.00 GB read, 0.00 MB/s read, 0.0 seconds
Interval compaction: 0.00 GB write, 0.02 MB/s write, 0.00 GB read, 0.00 MB/s read, 0.0 seconds
Stalls(count): 0 level0_slowdown, 0 level0_slowdown_with_compaction, 0 level0_numfiles, 0 level0_numfiles_with_compaction, 0 stop for pending_compaction_bytes, 0 slowdown for pending_compaction_bytes, 0 memtable_compaction, 0 memtable_slowdown, interval 0 total count

** File Read Latency Histogram By Level [Configuration] **
** Level 0 read latency histogram (micros):
Count: 30 Average: 47.8667  StdDev: 103.21
Min: 1  Median: 3.2000  Max: 413
Percentiles: P50: 3.20 P75: 12.50 P99: 413.00 P99.9: 413.00 P99.99: 413.00
------------------------------------------------------
[       0,       1 ]        1   3.333%   3.333% #
(       1,       2 ]        9  30.000%  33.333% ######
(       2,       3 ]        4  13.333%  46.667% ###
(       3,       4 ]        5  16.667%  63.333% ###
(       4,       6 ]        3  10.000%  73.333% ##
(      10,      15 ]        1   3.333%  76.667% #
(      22,      34 ]        1   3.333%  80.000% #
(      34,      51 ]        1   3.333%  83.333% #
(     110,     170 ]        2   6.667%  90.000% #
(     170,     250 ]        1   3.333%  93.333% #
(     250,     380 ]        1   3.333%  96.667% #
(     380,     580 ]        1   3.333% 100.000% #

** Level 1 read latency histogram (micros):
Count: 4 Average: 72.5000  StdDev: 120.96
Min: 2  Median: 2.0000  Max: 282
Percentiles: P50: 2.00 P75: 4.00 P99: 282.00 P99.9: 282.00 P99.99: 282.00
------------------------------------------------------
(       1,       2 ]        2  50.000%  50.000% ##########
(       3,       4 ]        1  25.000%  75.000% #####
(     250,     380 ]        1  25.000% 100.000% #####


** Compaction Stats [default] **
Level    Files   Size     Score Read(GB)  Rn(GB) Rnp1(GB) Write(GB) Wnew(GB) Moved(GB) W-Amp Rd(MB/s) Wr(MB/s) Comp(sec) Comp(cnt) Avg(sec) KeyIn KeyDrop
----------------------------------------------------------------------------------------------------------------------------------------------------------
  L0      5/0    3.65 KB   0.5      0.0     0.0      0.0       0.0      0.0       0.0   1.0      0.0      0.2         0         1    0.004       0      0
 Sum      5/0    3.65 KB   0.0      0.0     0.0      0.0       0.0      0.0       0.0   1.0      0.0      0.2         0         1    0.004       0      0
 Int      0/0    0.00 KB   0.0      0.0     0.0      0.0       0.0      0.0       0.0   0.0      0.0      0.0         0         0    0.000       0      0
Uptime(secs): 0.1 total, 0.0 interval
Flush(GB): cumulative 0.000, interval 0.000
AddFile(GB): cumulative 0.000, interval 0.000
AddFile(Total Files): cumulative 0, interval 0
AddFile(L0 Files): cumulative 0, interval 0
AddFile(Keys): cumulative 0, interval 0
Cumulative compaction: 0.00 GB write, 0.01 MB/s write, 0.00 GB read, 0.00 MB/s read, 0.0 seconds
Interval compaction: 0.00 GB write, 0.00 MB/s write, 0.00 GB read, 0.00 MB/s read, 0.0 seconds
Stalls(count): 0 level0_slowdown, 0 level0_slowdown_with_compaction, 0 level0_numfiles, 0 level0_numfiles_with_compaction, 0 stop for pending_compaction_bytes, 0 slowdown for pending_compaction_bytes, 0 memtable_compaction, 0 memtable_slowdown, interval 0 total count

** File Read Latency Histogram By Level [default] **
** Level 0 read latency histogram (micros):
Count: 25 Average: 77.4800  StdDev: 170.73
Min: 2  Median: 3.7000  Max: 655
Percentiles: P50: 3.70 P75: 20.25 P99: 655.00 P99.9: 655.00 P99.99: 655.00
------------------------------------------------------
(       1,       2 ]        8  32.000%  32.000% ######
(       2,       3 ]        1   4.000%  36.000% #
(       3,       4 ]        5  20.000%  56.000% ####
(       4,       6 ]        3  12.000%  68.000% ##
(       6,      10 ]        1   4.000%  72.000% #
(      15,      22 ]        1   4.000%  76.000% #
(      22,      34 ]        1   4.000%  80.000% #
(      34,      51 ]        1   4.000%  84.000% #
(     250,     380 ]        1   4.000%  88.000% #
(     380,     580 ]        2   8.000%  96.000% ##
(     580,     870 ]        1   4.000% 100.000% #


** Compaction Stats [Configuration] **
Level    Files   Size     Score Read(GB)  Rn(GB) Rnp1(GB) Write(GB) Wnew(GB) Moved(GB) W-Amp Rd(MB/s) Wr(MB/s) Comp(sec) Comp(cnt) Avg(sec) KeyIn KeyDrop
----------------------------------------------------------------------------------------------------------------------------------------------------------
  L0      5/0    4.28 KB   0.5      0.0     0.0      0.0       0.0      0.0       0.0   1.0      0.0      0.2         0         1    0.004       0      0
  L1      1/0    0.76 KB   0.0      0.0     0.0      0.0       0.0      0.0       0.0   0.0      0.0      0.0         0         0    0.000       0      0
 Sum      6/0    5.04 KB   0.0      0.0     0.0      0.0       0.0      0.0       0.0   1.0      0.0      0.2         0         1    0.004       0      0
 Int      0/0    0.00 KB   0.0      0.0     0.0      0.0       0.0      0.0       0.0   0.0      0.0      0.0         0         0    0.000       0      0
Uptime(secs): 0.1 total, 0.0 interval
Flush(GB): cumulative 0.000, interval 0.000
AddFile(GB): cumulative 0.000, interval 0.000
AddFile(Total Files): cumulative 0, interval 0
AddFile(L0 Files): cumulative 0, interval 0
AddFile(Keys): cumulative 0, interval 0
Cumulative compaction: 0.00 GB write, 0.02 MB/s write, 0.00 GB read, 0.00 MB/s read, 0.0 seconds
Interval compaction: 0.00 GB write, 0.00 MB/s write, 0.00 GB read, 0.00 MB/s read, 0.0 seconds
Stalls(count): 0 level0_slowdown, 0 level0_slowdown_with_compaction, 0 level0_numfiles, 0 level0_numfiles_with_compaction, 0 stop for pending_compaction_bytes, 0 slowdown for pending_compaction_bytes, 0 memtable_compaction, 0 memtable_slowdown, interval 0 total count

** File Read Latency Histogram By Level [Configuration] **
** Level 0 read latency histogram (micros):
Count: 30 Average: 47.8667  StdDev: 103.21
Min: 1  Median: 3.2000  Max: 413
Percentiles: P50: 3.20 P75: 12.50 P99: 413.00 P99.9: 413.00 P99.99: 413.00
------------------------------------------------------
[       0,       1 ]        1   3.333%   3.333% #
(       1,       2 ]        9  30.000%  33.333% ######
(       2,       3 ]        4  13.333%  46.667% ###
(       3,       4 ]        5  16.667%  63.333% ###
(       4,       6 ]        3  10.000%  73.333% ##
(      10,      15 ]        1   3.333%  76.667% #
(      22,      34 ]        1   3.333%  80.000% #
(      34,      51 ]        1   3.333%  83.333% #
(     110,     170 ]        2   6.667%  90.000% #
(     170,     250 ]        1   3.333%  93.333% #
(     250,     380 ]        1   3.333%  96.667% #
(     380,     580 ]        1   3.333% 100.000% #

** Level 1 read latency histogram (micros):
Count: 4 Average: 72.5000  StdDev: 120.96
Min: 2  Median: 2.0000  Max: 282
Percentiles: P50: 2.00 P75: 4.00 P99: 282.00 P99.9: 282.00 P99.99: 282.00
------------------------------------------------------
(       1,       2 ]        2  50.000%  50.000% ##########
(       3,       4 ]        1  25.000%  75.000% #####
(     250,     380 ]        1  25.000% 100.000% #####

2022/02/28-21:15:36.908093 b48c [WARN] [db\db_impl.cc:617] STATISTICS:
 rocksdb.block.cache.miss COUNT : 15
rocksdb.block.cache.hit COUNT : 0
rocksdb.block.cache.add COUNT : 15
rocksdb.block.cache.add.failures COUNT : 0
rocksdb.block.cache.index.miss COUNT : 5
rocksdb.block.cache.index.hit COUNT : 0
rocksdb.block.cache.index.add COUNT : 5
rocksdb.block.cache.index.bytes.insert COUNT : 510
rocksdb.block.cache.index.bytes.evict COUNT : 0
rocksdb.block.cache.filter.miss COUNT : 0
rocksdb.block.cache.filter.hit COUNT : 0
rocksdb.block.cache.filter.add COUNT : 0
rocksdb.block.cache.filter.bytes.insert COUNT : 0
rocksdb.block.cache.filter.bytes.evict COUNT : 0
rocksdb.block.cache.data.miss COUNT : 10
rocksdb.block.cache.data.hit COUNT : 0
rocksdb.block.cache.data.add COUNT : 10
rocksdb.block.cache.data.bytes.insert COUNT : 1460
rocksdb.block.cache.bytes.read COUNT : 0
rocksdb.block.cache.bytes.write COUNT : 1970
rocksdb.bloom.filter.useful COUNT : 0
rocksdb.bloom.filter.full.positive COUNT : 0
rocksdb.bloom.filter.full.true.positive COUNT : 0
rocksdb.persistent.cache.hit COUNT : 0
rocksdb.persistent.cache.miss COUNT : 0
rocksdb.sim.block.cache.hit COUNT : 0
rocksdb.sim.block.cache.miss COUNT : 0
rocksdb.memtable.hit COUNT : 0
rocksdb.memtable.miss COUNT : 0
rocksdb.l0.hit COUNT : 0
rocksdb.l1.hit COUNT : 0
rocksdb.l2andup.hit COUNT : 0
rocksdb.compaction.key.drop.new COUNT : 0
rocksdb.compaction.key.drop.obsolete COUNT : 0
rocksdb.compaction.key.drop.range_del COUNT : 0
rocksdb.compaction.key.drop.user COUNT : 0
rocksdb.compaction.range_del.drop.obsolete COUNT : 0
rocksdb.compaction.optimized.del.drop.obsolete COUNT : 0
rocksdb.compaction.cancelled COUNT : 0
rocksdb.number.keys.written COUNT : 0
rocksdb.number.keys.read COUNT : 0
rocksdb.number.keys.updated COUNT : 0
rocksdb.bytes.written COUNT : 0
rocksdb.bytes.read COUNT : 0
rocksdb.number.db.seek COUNT : 0
rocksdb.number.db.next COUNT : 0
rocksdb.number.db.prev COUNT : 0
rocksdb.number.db.seek.found COUNT : 0
rocksdb.number.db.next.found COUNT : 0
rocksdb.number.db.prev.found COUNT : 0
rocksdb.db.iter.bytes.read COUNT : 0
rocksdb.no.file.closes COUNT : 0
rocksdb.no.file.opens COUNT : 11
rocksdb.no.file.errors COUNT : 0
rocksdb.l0.slowdown.micros COUNT : 0
rocksdb.memtable.compaction.micros COUNT : 0
rocksdb.l0.num.files.stall.micros COUNT : 0
rocksdb.stall.micros COUNT : 0
rocksdb.db.mutex.wait.micros COUNT : 0
rocksdb.rate.limit.delay.millis COUNT : 0
rocksdb.num.iterators COUNT : 0
rocksdb.number.multiget.get COUNT : 0
rocksdb.number.multiget.keys.read COUNT : 0
rocksdb.number.multiget.bytes.read COUNT : 0
rocksdb.number.deletes.filtered COUNT : 0
rocksdb.number.merge.failures COUNT : 0
rocksdb.bloom.filter.prefix.checked COUNT : 0
rocksdb.bloom.filter.prefix.useful COUNT : 0
rocksdb.number.reseeks.iteration COUNT : 0
rocksdb.getupdatessince.calls COUNT : 0
rocksdb.block.cachecompressed.miss COUNT : 0
rocksdb.block.cachecompressed.hit COUNT : 0
rocksdb.block.cachecompressed.add COUNT : 0
rocksdb.block.cachecompressed.add.failures COUNT : 0
rocksdb.wal.synced COUNT : 0
rocksdb.wal.bytes COUNT : 0
rocksdb.write.self COUNT : 0
rocksdb.write.other COUNT : 0
rocksdb.write.timeout COUNT : 0
rocksdb.write.wal COUNT : 0
rocksdb.compact.read.bytes COUNT : 0
rocksdb.compact.write.bytes COUNT : 1624
rocksdb.flush.write.bytes COUNT : 0
rocksdb.number.direct.load.table.properties COUNT : 0
rocksdb.number.superversion_acquires COUNT : 0
rocksdb.number.superversion_releases COUNT : 0
rocksdb.number.superversion_cleanups COUNT : 0
rocksdb.number.block.compressed COUNT : 1
rocksdb.number.block.decompressed COUNT : 0
rocksdb.number.block.not_compressed COUNT : 0
rocksdb.merge.operation.time.nanos COUNT : 0
rocksdb.filter.operation.time.nanos COUNT : 0
rocksdb.row.cache.hit COUNT : 0
rocksdb.row.cache.miss COUNT : 0
rocksdb.read.amp.estimate.useful.bytes COUNT : 0
rocksdb.read.amp.total.read.bytes COUNT : 0
rocksdb.number.rate_limiter.drains COUNT : 0
rocksdb.number.iter.skip COUNT : 0
rocksdb.blobdb.num.put COUNT : 0
rocksdb.blobdb.num.write COUNT : 0
rocksdb.blobdb.num.get COUNT : 0
rocksdb.blobdb.num.multiget COUNT : 0
rocksdb.blobdb.num.seek COUNT : 0
rocksdb.blobdb.num.next COUNT : 0
rocksdb.blobdb.num.prev COUNT : 0
rocksdb.blobdb.num.keys.written COUNT : 0
rocksdb.blobdb.num.keys.read COUNT : 0
rocksdb.blobdb.bytes.written COUNT : 0
rocksdb.blobdb.bytes.read COUNT : 0
rocksdb.blobdb.write.inlined COUNT : 0
rocksdb.blobdb.write.inlined.ttl COUNT : 0
rocksdb.blobdb.write.blob COUNT : 0
rocksdb.blobdb.write.blob.ttl COUNT : 0
rocksdb.blobdb.blob.file.bytes.written COUNT : 0
rocksdb.blobdb.blob.file.bytes.read COUNT : 0
rocksdb.blobdb.blob.file.synced COUNT : 0
rocksdb.blobdb.blob.index.expired.count COUNT : 0
rocksdb.blobdb.blob.index.expired.size COUNT : 0
