2021/11/20-10:51:07.494205 1a7a0 RocksDB version: 5.18.4
2021/11/20-10:51:07.494534 1a7a0 Git sha rocksdb_build_git_sha:@b9a4a10659969c71e6f6eab4e4bae8c36ede919f@
2021/11/20-10:51:07.494560 1a7a0 Compile date Mar 11 2020
2021/11/20-10:51:07.494985 1a7a0 DB SUMMARY
2021/11/20-10:51:07.495489 1a7a0 CURRENT file:  CURRENT
2021/11/20-10:51:07.495908 1a7a0 IDENTITY file:  IDENTITY
2021/11/20-10:51:07.495948 1a7a0 MANIFEST file:  MANIFEST-000035 size: 909 Bytes
2021/11/20-10:51:07.495970 1a7a0 SST files in D:\Developer\bishe\nacos\data\protocol\raft\naming_persistent_service_v2\log dir, Total Num: 16, files: 000006.sst 000008.sst 000010.sst 000012.sst 000014.sst 000016.sst 000018.sst 000020.sst 000022.sst 
2021/11/20-10:51:07.495992 1a7a0 Write Ahead Log file in D:\Developer\bishe\nacos\data\protocol\raft\naming_persistent_service_v2\log: 000037.log size: 1951 ; 
2021/11/20-10:51:07.496093 1a7a0                         Options.error_if_exists: 0
2021/11/20-10:51:07.496113 1a7a0                       Options.create_if_missing: 1
2021/11/20-10:51:07.496122 1a7a0                         Options.paranoid_checks: 1
2021/11/20-10:51:07.496130 1a7a0                                     Options.env: 0000029BEBA710F0
2021/11/20-10:51:07.496140 1a7a0                                Options.info_log: 0000029BEFE04550
2021/11/20-10:51:07.496148 1a7a0                Options.max_file_opening_threads: 16
2021/11/20-10:51:07.496157 1a7a0                              Options.statistics: 0000029BEAA63490
2021/11/20-10:51:07.496166 1a7a0                               Options.use_fsync: 0
2021/11/20-10:51:07.496174 1a7a0                       Options.max_log_file_size: 0
2021/11/20-10:51:07.496183 1a7a0                  Options.max_manifest_file_size: 1073741824
2021/11/20-10:51:07.496192 1a7a0                   Options.log_file_time_to_roll: 0
2021/11/20-10:51:07.496200 1a7a0                       Options.keep_log_file_num: 1000
2021/11/20-10:51:07.496209 1a7a0                    Options.recycle_log_file_num: 0
2021/11/20-10:51:07.496218 1a7a0                         Options.allow_fallocate: 1
2021/11/20-10:51:07.496226 1a7a0                        Options.allow_mmap_reads: 0
2021/11/20-10:51:07.496235 1a7a0                       Options.allow_mmap_writes: 0
2021/11/20-10:51:07.496244 1a7a0                        Options.use_direct_reads: 0
2021/11/20-10:51:07.496252 1a7a0                        Options.use_direct_io_for_flush_and_compaction: 0
2021/11/20-10:51:07.496261 1a7a0          Options.create_missing_column_families: 1
2021/11/20-10:51:07.496270 1a7a0                              Options.db_log_dir: 
2021/11/20-10:51:07.496278 1a7a0                                 Options.wal_dir: D:\Developer\bishe\nacos\data\protocol\raft\naming_persistent_service_v2\log
2021/11/20-10:51:07.496287 1a7a0                Options.table_cache_numshardbits: 6
2021/11/20-10:51:07.496295 1a7a0                      Options.max_subcompactions: 1
2021/11/20-10:51:07.496304 1a7a0                  Options.max_background_flushes: 1
2021/11/20-10:51:07.496313 1a7a0                         Options.WAL_ttl_seconds: 0
2021/11/20-10:51:07.496321 1a7a0                       Options.WAL_size_limit_MB: 0
2021/11/20-10:51:07.496330 1a7a0             Options.manifest_preallocation_size: 4194304
2021/11/20-10:51:07.496788 1a7a0                     Options.is_fd_close_on_exec: 1
2021/11/20-10:51:07.496857 1a7a0                   Options.advise_random_on_open: 1
2021/11/20-10:51:07.496865 1a7a0                    Options.db_write_buffer_size: 0
2021/11/20-10:51:07.496874 1a7a0                    Options.write_buffer_manager: 0000029BECB0F240
2021/11/20-10:51:07.496883 1a7a0         Options.access_hint_on_compaction_start: 1
2021/11/20-10:51:07.496891 1a7a0  Options.new_table_reader_for_compaction_inputs: 0
2021/11/20-10:51:07.496900 1a7a0           Options.random_access_max_buffer_size: 1048576
2021/11/20-10:51:07.496908 1a7a0                      Options.use_adaptive_mutex: 0
2021/11/20-10:51:07.496917 1a7a0                            Options.rate_limiter: 0000000000000000
2021/11/20-10:51:07.496926 1a7a0     Options.sst_file_manager.rate_bytes_per_sec: 0
2021/11/20-10:51:07.497477 1a7a0                       Options.wal_recovery_mode: 2
2021/11/20-10:51:07.497487 1a7a0                  Options.enable_thread_tracking: 0
2021/11/20-10:51:07.497496 1a7a0                  Options.enable_pipelined_write: 0
2021/11/20-10:51:07.497505 1a7a0         Options.allow_concurrent_memtable_write: 1
2021/11/20-10:51:07.497513 1a7a0      Options.enable_write_thread_adaptive_yield: 1
2021/11/20-10:51:07.497522 1a7a0             Options.write_thread_max_yield_usec: 100
2021/11/20-10:51:07.497530 1a7a0            Options.write_thread_slow_yield_usec: 3
2021/11/20-10:51:07.497539 1a7a0                               Options.row_cache: None
2021/11/20-10:51:07.497548 1a7a0                              Options.wal_filter: None
2021/11/20-10:51:07.497556 1a7a0             Options.avoid_flush_during_recovery: 0
2021/11/20-10:51:07.497565 1a7a0             Options.allow_ingest_behind: 0
2021/11/20-10:51:07.497990 1a7a0             Options.preserve_deletes: 0
2021/11/20-10:51:07.498002 1a7a0             Options.two_write_queues: 0
2021/11/20-10:51:07.498010 1a7a0             Options.manual_wal_flush: 0
2021/11/20-10:51:07.498018 1a7a0             Options.max_background_jobs: 2
2021/11/20-10:51:07.498027 1a7a0             Options.max_background_compactions: 4
2021/11/20-10:51:07.498035 1a7a0             Options.avoid_flush_during_shutdown: 0
2021/11/20-10:51:07.498044 1a7a0           Options.writable_file_max_buffer_size: 1048576
2021/11/20-10:51:07.498053 1a7a0             Options.delayed_write_rate : 16777216
2021/11/20-10:51:07.498061 1a7a0             Options.max_total_wal_size: 0
2021/11/20-10:51:07.498070 1a7a0             Options.delete_obsolete_files_period_micros: 21600000000
2021/11/20-10:51:07.498078 1a7a0                   Options.stats_dump_period_sec: 600
2021/11/20-10:51:07.498087 1a7a0                          Options.max_open_files: -1
2021/11/20-10:51:07.498095 1a7a0                          Options.bytes_per_sync: 0
2021/11/20-10:51:07.498104 1a7a0                      Options.wal_bytes_per_sync: 0
2021/11/20-10:51:07.498112 1a7a0       Options.compaction_readahead_size: 0
2021/11/20-10:51:07.498121 1a7a0 Compression algorithms supported:
2021/11/20-10:51:07.498130 1a7a0 	kZSTD supported: 1
2021/11/20-10:51:07.498139 1a7a0 	kSnappyCompression supported: 1
2021/11/20-10:51:07.498148 1a7a0 	kBZip2Compression supported: 0
2021/11/20-10:51:07.498156 1a7a0 	kZlibCompression supported: 1
2021/11/20-10:51:07.498165 1a7a0 	kLZ4Compression supported: 1
2021/11/20-10:51:07.498173 1a7a0 	kXpressCompression supported: 0
2021/11/20-10:51:07.498182 1a7a0 	kLZ4HCCompression supported: 1
2021/11/20-10:51:07.498190 1a7a0 	kZSTDNotFinalCompression supported: 1
2021/11/20-10:51:07.498215 1a7a0 Fast CRC32 supported: Supported on x86
2021/11/20-10:51:07.501278 1a7a0 [db\version_set.cc:3508] Recovering from manifest file: MANIFEST-000035
2021/11/20-10:51:07.502346 1a7a0 [db\column_family.cc:474] --------------- Options for column family [default]:
2021/11/20-10:51:07.502370 1a7a0               Options.comparator: leveldb.BytewiseComparator
2021/11/20-10:51:07.502380 1a7a0           Options.merge_operator: StringAppendOperator
2021/11/20-10:51:07.502389 1a7a0        Options.compaction_filter: None
2021/11/20-10:51:07.502397 1a7a0        Options.compaction_filter_factory: None
2021/11/20-10:51:07.502406 1a7a0         Options.memtable_factory: SkipListFactory
2021/11/20-10:51:07.502415 1a7a0            Options.table_factory: BlockBasedTable
2021/11/20-10:51:07.502450 1a7a0            table_factory options:   flush_block_policy_factory: FlushBlockBySizePolicyFactory (0000029BE8D9B0B0)
  cache_index_and_filter_blocks: 0
  cache_index_and_filter_blocks_with_high_priority: 1
  pin_l0_filter_and_index_blocks_in_cache: 1
  pin_top_level_index_and_filter: 1
  index_type: 2
  hash_index_allow_collision: 1
  checksum: 1
  no_block_cache: 0
  block_cache: 0000029BF041F700
  block_cache_name: LRUCache
  block_cache_options:
    capacity : 536870912
    num_shard_bits : 8
    strict_capacity_limit : 0
    memory_allocator : None
    high_pri_pool_ratio: 0.000
  block_cache_compressed: 0000000000000000
  persistent_cache: 0000000000000000
  block_size: 4096
  block_size_deviation: 10
  block_restart_interval: 16
  index_block_restart_interval: 1
  metadata_block_size: 8192
  partition_filters: 1
  use_delta_encoding: 1
  filter_policy: nullptr
  whole_key_filtering: 1
  verify_compression: 0
  read_amp_bytes_per_bit: 0
  format_version: 0
  enable_index_compression: 1
  block_align: 0
2021/11/20-10:51:07.502502 1a7a0        Options.write_buffer_size: 67108864
2021/11/20-10:51:07.502947 1a7a0  Options.max_write_buffer_number: 3
2021/11/20-10:51:07.502955 1a7a0          Options.compression: Snappy
2021/11/20-10:51:07.502964 1a7a0                  Options.bottommost_compression: Disabled
2021/11/20-10:51:07.502973 1a7a0       Options.prefix_extractor: rocksdb.FixedPrefix.8
2021/11/20-10:51:07.502981 1a7a0   Options.memtable_insert_with_hint_prefix_extractor: nullptr
2021/11/20-10:51:07.502991 1a7a0             Options.num_levels: 7
2021/11/20-10:51:07.502999 1a7a0        Options.min_write_buffer_number_to_merge: 1
2021/11/20-10:51:07.503007 1a7a0     Options.max_write_buffer_number_to_maintain: 0
2021/11/20-10:51:07.503016 1a7a0            Options.bottommost_compression_opts.window_bits: -14
2021/11/20-10:51:07.503025 1a7a0                  Options.bottommost_compression_opts.level: 32767
2021/11/20-10:51:07.503033 1a7a0               Options.bottommost_compression_opts.strategy: 0
2021/11/20-10:51:07.503042 1a7a0         Options.bottommost_compression_opts.max_dict_bytes: 0
2021/11/20-10:51:07.503050 1a7a0         Options.bottommost_compression_opts.zstd_max_train_bytes: 0
2021/11/20-10:51:07.503059 1a7a0                  Options.bottommost_compression_opts.enabled: false
2021/11/20-10:51:07.503067 1a7a0            Options.compression_opts.window_bits: -14
2021/11/20-10:51:07.503076 1a7a0                  Options.compression_opts.level: 32767
2021/11/20-10:51:07.503084 1a7a0               Options.compression_opts.strategy: 0
2021/11/20-10:51:07.503093 1a7a0         Options.compression_opts.max_dict_bytes: 0
2021/11/20-10:51:07.503101 1a7a0         Options.compression_opts.zstd_max_train_bytes: 0
2021/11/20-10:51:07.503109 1a7a0                  Options.compression_opts.enabled: false
2021/11/20-10:51:07.503118 1a7a0      Options.level0_file_num_compaction_trigger: 10
2021/11/20-10:51:07.503126 1a7a0          Options.level0_slowdown_writes_trigger: 20
2021/11/20-10:51:07.503135 1a7a0              Options.level0_stop_writes_trigger: 40
2021/11/20-10:51:07.503143 1a7a0                   Options.target_file_size_base: 67108864
2021/11/20-10:51:07.503152 1a7a0             Options.target_file_size_multiplier: 1
2021/11/20-10:51:07.503160 1a7a0                Options.max_bytes_for_level_base: 536870912
2021/11/20-10:51:07.503169 1a7a0 Options.level_compaction_dynamic_level_bytes: 0
2021/11/20-10:51:07.503177 1a7a0          Options.max_bytes_for_level_multiplier: 10.000000
2021/11/20-10:51:07.503187 1a7a0 Options.max_bytes_for_level_multiplier_addtl[0]: 1
2021/11/20-10:51:07.503195 1a7a0 Options.max_bytes_for_level_multiplier_addtl[1]: 1
2021/11/20-10:51:07.503204 1a7a0 Options.max_bytes_for_level_multiplier_addtl[2]: 1
2021/11/20-10:51:07.503212 1a7a0 Options.max_bytes_for_level_multiplier_addtl[3]: 1
2021/11/20-10:51:07.503221 1a7a0 Options.max_bytes_for_level_multiplier_addtl[4]: 1
2021/11/20-10:51:07.503229 1a7a0 Options.max_bytes_for_level_multiplier_addtl[5]: 1
2021/11/20-10:51:07.503238 1a7a0 Options.max_bytes_for_level_multiplier_addtl[6]: 1
2021/11/20-10:51:07.503246 1a7a0       Options.max_sequential_skip_in_iterations: 8
2021/11/20-10:51:07.503255 1a7a0                    Options.max_compaction_bytes: 1677721600
2021/11/20-10:51:07.503263 1a7a0                        Options.arena_block_size: 8388608
2021/11/20-10:51:07.503272 1a7a0   Options.soft_pending_compaction_bytes_limit: 68719476736
2021/11/20-10:51:07.503280 1a7a0   Options.hard_pending_compaction_bytes_limit: 274877906944
2021/11/20-10:51:07.503290 1a7a0       Options.rate_limit_delay_max_milliseconds: 100
2021/11/20-10:51:07.503300 1a7a0                Options.disable_auto_compactions: 0
2021/11/20-10:51:07.503309 1a7a0                        Options.compaction_style: kCompactionStyleLevel
2021/11/20-10:51:07.503318 1a7a0                          Options.compaction_pri: kByCompensatedSize
2021/11/20-10:51:07.503327 1a7a0 Options.compaction_options_universal.size_ratio: 1
2021/11/20-10:51:07.503336 1a7a0 Options.compaction_options_universal.min_merge_width: 2
2021/11/20-10:51:07.503344 1a7a0 Options.compaction_options_universal.max_merge_width: 4294967295
2021/11/20-10:51:07.503353 1a7a0 Options.compaction_options_universal.max_size_amplification_percent: 200
2021/11/20-10:51:07.503361 1a7a0 Options.compaction_options_universal.compression_size_percent: -1
2021/11/20-10:51:07.503370 1a7a0 Options.compaction_options_universal.stop_style: kCompactionStopStyleTotalSize
2021/11/20-10:51:07.503379 1a7a0 Options.compaction_options_fifo.max_table_files_size: 1073741824
2021/11/20-10:51:07.503388 1a7a0 Options.compaction_options_fifo.allow_compaction: 0
2021/11/20-10:51:07.503396 1a7a0 Options.compaction_options_fifo.ttl: 0
2021/11/20-10:51:07.503853 1a7a0                   Options.table_properties_collectors: 
2021/11/20-10:51:07.503921 1a7a0                   Options.inplace_update_support: 0
2021/11/20-10:51:07.503929 1a7a0                 Options.inplace_update_num_locks: 10000
2021/11/20-10:51:07.503938 1a7a0               Options.memtable_prefix_bloom_size_ratio: 0.125000
2021/11/20-10:51:07.503947 1a7a0   Options.memtable_huge_page_size: 0
2021/11/20-10:51:07.503956 1a7a0                           Options.bloom_locality: 0
2021/11/20-10:51:07.503964 1a7a0                    Options.max_successive_merges: 0
2021/11/20-10:51:07.503973 1a7a0                Options.optimize_filters_for_hits: 0
2021/11/20-10:51:07.503982 1a7a0                Options.paranoid_file_checks: 0
2021/11/20-10:51:07.503991 1a7a0                Options.force_consistency_checks: 1
2021/11/20-10:51:07.504375 1a7a0                Options.report_bg_io_stats: 0
2021/11/20-10:51:07.504441 1a7a0                               Options.ttl: 0
2021/11/20-10:51:07.507903 1a7a0 [db\column_family.cc:474] --------------- Options for column family [Configuration]:
2021/11/20-10:51:07.508341 1a7a0               Options.comparator: leveldb.BytewiseComparator
2021/11/20-10:51:07.508711 1a7a0           Options.merge_operator: StringAppendOperator
2021/11/20-10:51:07.509492 1a7a0        Options.compaction_filter: None
2021/11/20-10:51:07.509824 1a7a0        Options.compaction_filter_factory: None
2021/11/20-10:51:07.510173 1a7a0         Options.memtable_factory: SkipListFactory
2021/11/20-10:51:07.510499 1a7a0            Options.table_factory: BlockBasedTable
2021/11/20-10:51:07.511261 1a7a0            table_factory options:   flush_block_policy_factory: FlushBlockBySizePolicyFactory (0000029BE8D9B0B0)
  cache_index_and_filter_blocks: 0
  cache_index_and_filter_blocks_with_high_priority: 1
  pin_l0_filter_and_index_blocks_in_cache: 1
  pin_top_level_index_and_filter: 1
  index_type: 2
  hash_index_allow_collision: 1
  checksum: 1
  no_block_cache: 0
  block_cache: 0000029BF041F700
  block_cache_name: LRUCache
  block_cache_options:
    capacity : 536870912
    num_shard_bits : 8
    strict_capacity_limit : 0
    memory_allocator : None
    high_pri_pool_ratio: 0.000
  block_cache_compressed: 0000000000000000
  persistent_cache: 0000000000000000
  block_size: 4096
  block_size_deviation: 10
  block_restart_interval: 16
  index_block_restart_interval: 1
  metadata_block_size: 8192
  partition_filters: 1
  use_delta_encoding: 1
  filter_policy: nullptr
  whole_key_filtering: 1
  verify_compression: 0
  read_amp_bytes_per_bit: 0
  format_version: 0
  enable_index_compression: 1
  block_align: 0
2021/11/20-10:51:07.511590 1a7a0        Options.write_buffer_size: 67108864
2021/11/20-10:51:07.511911 1a7a0  Options.max_write_buffer_number: 3
2021/11/20-10:51:07.512248 1a7a0          Options.compression: Snappy
2021/11/20-10:51:07.513393 1a7a0                  Options.bottommost_compression: Disabled
2021/11/20-10:51:07.513755 1a7a0       Options.prefix_extractor: rocksdb.FixedPrefix.8
2021/11/20-10:51:07.514159 1a7a0   Options.memtable_insert_with_hint_prefix_extractor: nullptr
2021/11/20-10:51:07.515044 1a7a0             Options.num_levels: 7
2021/11/20-10:51:07.515501 1a7a0        Options.min_write_buffer_number_to_merge: 1
2021/11/20-10:51:07.516249 1a7a0     Options.max_write_buffer_number_to_maintain: 0
2021/11/20-10:51:07.516664 1a7a0            Options.bottommost_compression_opts.window_bits: -14
2021/11/20-10:51:07.517402 1a7a0                  Options.bottommost_compression_opts.level: 32767
2021/11/20-10:51:07.517411 1a7a0               Options.bottommost_compression_opts.strategy: 0
2021/11/20-10:51:07.517420 1a7a0         Options.bottommost_compression_opts.max_dict_bytes: 0
2021/11/20-10:51:07.517429 1a7a0         Options.bottommost_compression_opts.zstd_max_train_bytes: 0
2021/11/20-10:51:07.517438 1a7a0                  Options.bottommost_compression_opts.enabled: false
2021/11/20-10:51:07.517447 1a7a0            Options.compression_opts.window_bits: -14
2021/11/20-10:51:07.517455 1a7a0                  Options.compression_opts.level: 32767
2021/11/20-10:51:07.517464 1a7a0               Options.compression_opts.strategy: 0
2021/11/20-10:51:07.517473 1a7a0         Options.compression_opts.max_dict_bytes: 0
2021/11/20-10:51:07.517481 1a7a0         Options.compression_opts.zstd_max_train_bytes: 0
2021/11/20-10:51:07.517490 1a7a0                  Options.compression_opts.enabled: false
2021/11/20-10:51:07.517498 1a7a0      Options.level0_file_num_compaction_trigger: 10
2021/11/20-10:51:07.517507 1a7a0          Options.level0_slowdown_writes_trigger: 20
2021/11/20-10:51:07.517515 1a7a0              Options.level0_stop_writes_trigger: 40
2021/11/20-10:51:07.517524 1a7a0                   Options.target_file_size_base: 67108864
2021/11/20-10:51:07.517532 1a7a0             Options.target_file_size_multiplier: 1
2021/11/20-10:51:07.517541 1a7a0                Options.max_bytes_for_level_base: 536870912
2021/11/20-10:51:07.517549 1a7a0 Options.level_compaction_dynamic_level_bytes: 0
2021/11/20-10:51:07.517558 1a7a0          Options.max_bytes_for_level_multiplier: 10.000000
2021/11/20-10:51:07.517569 1a7a0 Options.max_bytes_for_level_multiplier_addtl[0]: 1
2021/11/20-10:51:07.517577 1a7a0 Options.max_bytes_for_level_multiplier_addtl[1]: 1
2021/11/20-10:51:07.517586 1a7a0 Options.max_bytes_for_level_multiplier_addtl[2]: 1
2021/11/20-10:51:07.517594 1a7a0 Options.max_bytes_for_level_multiplier_addtl[3]: 1
2021/11/20-10:51:07.517603 1a7a0 Options.max_bytes_for_level_multiplier_addtl[4]: 1
2021/11/20-10:51:07.517612 1a7a0 Options.max_bytes_for_level_multiplier_addtl[5]: 1
2021/11/20-10:51:07.517620 1a7a0 Options.max_bytes_for_level_multiplier_addtl[6]: 1
2021/11/20-10:51:07.517629 1a7a0       Options.max_sequential_skip_in_iterations: 8
2021/11/20-10:51:07.517637 1a7a0                    Options.max_compaction_bytes: 1677721600
2021/11/20-10:51:07.517646 1a7a0                        Options.arena_block_size: 8388608
2021/11/20-10:51:07.517654 1a7a0   Options.soft_pending_compaction_bytes_limit: 68719476736
2021/11/20-10:51:07.517663 1a7a0   Options.hard_pending_compaction_bytes_limit: 274877906944
2021/11/20-10:51:07.517672 1a7a0       Options.rate_limit_delay_max_milliseconds: 100
2021/11/20-10:51:07.517680 1a7a0                Options.disable_auto_compactions: 0
2021/11/20-10:51:07.517691 1a7a0                        Options.compaction_style: kCompactionStyleLevel
2021/11/20-10:51:07.517700 1a7a0                          Options.compaction_pri: kByCompensatedSize
2021/11/20-10:51:07.517708 1a7a0 Options.compaction_options_universal.size_ratio: 1
2021/11/20-10:51:07.518159 1a7a0 Options.compaction_options_universal.min_merge_width: 2
2021/11/20-10:51:07.518167 1a7a0 Options.compaction_options_universal.max_merge_width: 4294967295
2021/11/20-10:51:07.518176 1a7a0 Options.compaction_options_universal.max_size_amplification_percent: 200
2021/11/20-10:51:07.518187 1a7a0 Options.compaction_options_universal.compression_size_percent: -1
2021/11/20-10:51:07.518197 1a7a0 Options.compaction_options_universal.stop_style: kCompactionStopStyleTotalSize
2021/11/20-10:51:07.518205 1a7a0 Options.compaction_options_fifo.max_table_files_size: 1073741824
2021/11/20-10:51:07.518214 1a7a0 Options.compaction_options_fifo.allow_compaction: 0
2021/11/20-10:51:07.518222 1a7a0 Options.compaction_options_fifo.ttl: 0
2021/11/20-10:51:07.518231 1a7a0                   Options.table_properties_collectors: 
2021/11/20-10:51:07.518240 1a7a0                   Options.inplace_update_support: 0
2021/11/20-10:51:07.518248 1a7a0                 Options.inplace_update_num_locks: 10000
2021/11/20-10:51:07.518257 1a7a0               Options.memtable_prefix_bloom_size_ratio: 0.125000
2021/11/20-10:51:07.518266 1a7a0   Options.memtable_huge_page_size: 0
2021/11/20-10:51:07.518274 1a7a0                           Options.bloom_locality: 0
2021/11/20-10:51:07.518283 1a7a0                    Options.max_successive_merges: 0
2021/11/20-10:51:07.518292 1a7a0                Options.optimize_filters_for_hits: 0
2021/11/20-10:51:07.518300 1a7a0                Options.paranoid_file_checks: 0
2021/11/20-10:51:07.518309 1a7a0                Options.force_consistency_checks: 1
2021/11/20-10:51:07.518317 1a7a0                Options.report_bg_io_stats: 0
2021/11/20-10:51:07.518326 1a7a0                               Options.ttl: 0
2021/11/20-10:51:07.536109 1a7a0 [db\version_set.cc:3724] Recovered from manifest file:D:\Developer\bishe\nacos\data\protocol\raft\naming_persistent_service_v2\log/MANIFEST-000035 succeeded,manifest_file_number is 35, next_file_number is 38, last_sequence is 862, log_number is 0,prev_log_number is 0,max_column_family is 1,min_log_number_to_keep is 0
2021/11/20-10:51:07.536400 1a7a0 [db\version_set.cc:3732] Column family [default] (ID 0), log number is 34
2021/11/20-10:51:07.536410 1a7a0 [db\version_set.cc:3732] Column family [Configuration] (ID 1), log number is 34
2021/11/20-10:51:07.538196 1a7a0 EVENT_LOG_v1 {"time_micros": 1637376667537696, "job": 1, "event": "recovery_started", "log_files": [37]}
2021/11/20-10:51:07.538490 1a7a0 [db\db_impl_open.cc:578] Recovering log #37 mode 2
2021/11/20-10:51:07.548988 1a7a0 EVENT_LOG_v1 {"time_micros": 1637376667548967, "cf_name": "default", "job": 1, "event": "table_file_creation", "file_number": 38, "file_size": 747, "table_properties": {"data_size": 0, "index_size": 13, "filter_size": 0, "raw_key_size": 32, "raw_average_key_size": 0, "raw_value_size": 16, "raw_average_value_size": 0, "num_data_blocks": 0, "num_entries": 0, "filter_policy_name": ""}}
2021/11/20-10:51:07.551789 1a7a0 [db\version_set.cc:3037] Creating manifest 39
2021/11/20-10:51:07.573905 1a7a0 EVENT_LOG_v1 {"time_micros": 1637376667573883, "cf_name": "Configuration", "job": 1, "event": "table_file_creation", "file_number": 40, "file_size": 877, "table_properties": {"data_size": 44, "index_size": 49, "filter_size": 0, "raw_key_size": 58, "raw_average_key_size": 58, "raw_value_size": 24, "raw_average_value_size": 24, "num_data_blocks": 1, "num_entries": 1, "filter_policy_name": ""}}
2021/11/20-10:51:07.579958 1a7a0 EVENT_LOG_v1 {"time_micros": 1637376667579948, "job": 1, "event": "recovery_finished"}
2021/11/20-10:51:07.597673 1a7a0 [db\db_impl_open.cc:1314] DB pointer 0000029BEB5DD420
2021/11/20-10:51:07.598276 11a18 [WARN] [db\db_impl.cc:669] ------- DUMPING STATS -------
2021/11/20-10:51:07.598310 11a18 [WARN] [db\db_impl.cc:670] 
** DB Stats **
Uptime(secs): 0.1 total, 0.1 interval
Cumulative writes: 0 writes, 0 keys, 0 commit groups, 0.0 writes per commit group, ingest: 0.00 GB, 0.00 MB/s
Cumulative WAL: 0 writes, 0 syncs, 0.00 writes per sync, written: 0.00 GB, 0.00 MB/s
Cumulative stall: 00:00:0.000 H:M:S, 0.0 percent
Interval writes: 0 writes, 0 keys, 0 commit groups, 0.0 writes per commit group, ingest: 0.00 MB, 0.00 MB/s
Interval WAL: 0 writes, 0 syncs, 0.00 writes per sync, written: 0.00 MB, 0.00 MB/s
Interval stall: 00:00:0.000 H:M:S, 0.0 percent

** Compaction Stats [default] **
Level    Files   Size     Score Read(GB)  Rn(GB) Rnp1(GB) Write(GB) Wnew(GB) Moved(GB) W-Amp Rd(MB/s) Wr(MB/s) Comp(sec) Comp(cnt) Avg(sec) KeyIn KeyDrop
----------------------------------------------------------------------------------------------------------------------------------------------------------
  L0      9/0    6.54 KB   0.9      0.0     0.0      0.0       0.0      0.0       0.0   1.0      0.0      0.1         0         1    0.009       0      0
 Sum      9/0    6.54 KB   0.0      0.0     0.0      0.0       0.0      0.0       0.0   1.0      0.0      0.1         0         1    0.009       0      0
 Int      0/0    0.00 KB   0.0      0.0     0.0      0.0       0.0      0.0       0.0   1.0      0.0      0.1         0         1    0.009       0      0
Uptime(secs): 0.1 total, 0.1 interval
Flush(GB): cumulative 0.000, interval 0.000
AddFile(GB): cumulative 0.000, interval 0.000
AddFile(Total Files): cumulative 0, interval 0
AddFile(L0 Files): cumulative 0, interval 0
AddFile(Keys): cumulative 0, interval 0
Cumulative compaction: 0.00 GB write, 0.01 MB/s write, 0.00 GB read, 0.00 MB/s read, 0.0 seconds
Interval compaction: 0.00 GB write, 0.01 MB/s write, 0.00 GB read, 0.00 MB/s read, 0.0 seconds
Stalls(count): 0 level0_slowdown, 0 level0_slowdown_with_compaction, 0 level0_numfiles, 0 level0_numfiles_with_compaction, 0 stop for pending_compaction_bytes, 0 slowdown for pending_compaction_bytes, 0 memtable_compaction, 0 memtable_slowdown, interval 0 total count

** File Read Latency Histogram By Level [default] **
** Level 0 read latency histogram (micros):
Count: 42 Average: 831.3333  StdDev: 1159.81
Min: 2  Median: 341.0000  Max: 4430
Percentiles: P50: 341.00 P75: 807.86 P99: 4430.00 P99.9: 4430.00 P99.99: 4430.00
------------------------------------------------------
(       1,       2 ]        2   4.762%   4.762% #
(       2,       3 ]        1   2.381%   7.143% 
(      34,      51 ]        1   2.381%   9.524% 
(      76,     110 ]        1   2.381%  11.905% 
(     110,     170 ]        1   2.381%  14.286% 
(     170,     250 ]        8  19.048%  33.333% ####
(     250,     380 ]       10  23.810%  57.143% #####
(     380,     580 ]        2   4.762%  61.905% #
(     580,     870 ]        7  16.667%  78.571% ###
(    1300,    1900 ]        2   4.762%  83.333% #
(    1900,    2900 ]        2   4.762%  88.095% #
(    2900,    4400 ]        3   7.143%  95.238% #
(    4400,    6600 ]        1   2.381%  97.619% 


** Compaction Stats [Configuration] **
Level    Files   Size     Score Read(GB)  Rn(GB) Rnp1(GB) Write(GB) Wnew(GB) Moved(GB) W-Amp Rd(MB/s) Wr(MB/s) Comp(sec) Comp(cnt) Avg(sec) KeyIn KeyDrop
----------------------------------------------------------------------------------------------------------------------------------------------------------
  L0      9/0    7.68 KB   0.9      0.0     0.0      0.0       0.0      0.0       0.0   1.0      0.0      0.1         0         1    0.007       0      0
 Sum      9/0    7.68 KB   0.0      0.0     0.0      0.0       0.0      0.0       0.0   1.0      0.0      0.1         0         1    0.007       0      0
 Int      0/0    0.00 KB   0.0      0.0     0.0      0.0       0.0      0.0       0.0   1.0      0.0      0.1         0         1    0.007       0      0
Uptime(secs): 0.1 total, 0.1 interval
Flush(GB): cumulative 0.000, interval 0.000
AddFile(GB): cumulative 0.000, interval 0.000
AddFile(Total Files): cumulative 0, interval 0
AddFile(L0 Files): cumulative 0, interval 0
AddFile(Keys): cumulative 0, interval 0
Cumulative compaction: 0.00 GB write, 0.01 MB/s write, 0.00 GB read, 0.00 MB/s read, 0.0 seconds
Interval compaction: 0.00 GB write, 0.01 MB/s write, 0.00 GB read, 0.00 MB/s read, 0.0 seconds
Stalls(count): 0 level0_slowdown, 0 level0_slowdown_with_compaction, 0 level0_numfiles, 0 level0_numfiles_with_compaction, 0 stop for pending_compaction_bytes, 0 slowdown for pending_compaction_bytes, 0 memtable_compaction, 0 memtable_slowdown, interval 0 total count

** File Read Latency Histogram By Level [Configuration] **
** Level 0 read latency histogram (micros):
Count: 53 Average: 358.3962  StdDev: 854.54
Min: 2  Median: 2.7083  Max: 3657
Percentiles: P50: 2.71 P75: 143.00 P99: 3252.50 P99.9: 3610.25 P99.99: 3646.02
------------------------------------------------------
(       1,       2 ]       18  33.962%  33.962% #######
(       2,       3 ]       12  22.642%  56.604% #####
(       3,       4 ]        1   1.887%  58.491% 
(       4,       6 ]        4   7.547%  66.038% ##
(       6,      10 ]        1   1.887%  67.925% 
(      34,      51 ]        1   1.887%  69.811% 
(     110,     170 ]        5   9.434%  79.245% ##
(     170,     250 ]        3   5.660%  84.906% #
(     380,     580 ]        2   3.774%  88.679% #
(     870,    1300 ]        2   3.774%  92.453% #
(    1900,    2900 ]        3   5.660%  98.113% #
(    2900,    4400 ]        2   3.774% 101.887% #


** Compaction Stats [default] **
Level    Files   Size     Score Read(GB)  Rn(GB) Rnp1(GB) Write(GB) Wnew(GB) Moved(GB) W-Amp Rd(MB/s) Wr(MB/s) Comp(sec) Comp(cnt) Avg(sec) KeyIn KeyDrop
----------------------------------------------------------------------------------------------------------------------------------------------------------
  L0      9/0    6.54 KB   0.9      0.0     0.0      0.0       0.0      0.0       0.0   1.0      0.0      0.1         0         1    0.009       0      0
 Sum      9/0    6.54 KB   0.0      0.0     0.0      0.0       0.0      0.0       0.0   1.0      0.0      0.1         0         1    0.009       0      0
 Int      0/0    0.00 KB   0.0      0.0     0.0      0.0       0.0      0.0       0.0   0.0      0.0      0.0         0         0    0.000       0      0
Uptime(secs): 0.1 total, 0.0 interval
Flush(GB): cumulative 0.000, interval 0.000
AddFile(GB): cumulative 0.000, interval 0.000
AddFile(Total Files): cumulative 0, interval 0
AddFile(L0 Files): cumulative 0, interval 0
AddFile(Keys): cumulative 0, interval 0
Cumulative compaction: 0.00 GB write, 0.01 MB/s write, 0.00 GB read, 0.00 MB/s read, 0.0 seconds
Interval compaction: 0.00 GB write, 0.00 MB/s write, 0.00 GB read, 0.00 MB/s read, 0.0 seconds
Stalls(count): 0 level0_slowdown, 0 level0_slowdown_with_compaction, 0 level0_numfiles, 0 level0_numfiles_with_compaction, 0 stop for pending_compaction_bytes, 0 slowdown for pending_compaction_bytes, 0 memtable_compaction, 0 memtable_slowdown, interval 0 total count

** File Read Latency Histogram By Level [default] **
** Level 0 read latency histogram (micros):
Count: 42 Average: 831.3333  StdDev: 1159.81
Min: 2  Median: 341.0000  Max: 4430
Percentiles: P50: 341.00 P75: 807.86 P99: 4430.00 P99.9: 4430.00 P99.99: 4430.00
------------------------------------------------------
(       1,       2 ]        2   4.762%   4.762% #
(       2,       3 ]        1   2.381%   7.143% 
(      34,      51 ]        1   2.381%   9.524% 
(      76,     110 ]        1   2.381%  11.905% 
(     110,     170 ]        1   2.381%  14.286% 
(     170,     250 ]        8  19.048%  33.333% ####
(     250,     380 ]       10  23.810%  57.143% #####
(     380,     580 ]        2   4.762%  61.905% #
(     580,     870 ]        7  16.667%  78.571% ###
(    1300,    1900 ]        2   4.762%  83.333% #
(    1900,    2900 ]        2   4.762%  88.095% #
(    2900,    4400 ]        3   7.143%  95.238% #
(    4400,    6600 ]        1   2.381%  97.619% 


** Compaction Stats [Configuration] **
Level    Files   Size     Score Read(GB)  Rn(GB) Rnp1(GB) Write(GB) Wnew(GB) Moved(GB) W-Amp Rd(MB/s) Wr(MB/s) Comp(sec) Comp(cnt) Avg(sec) KeyIn KeyDrop
----------------------------------------------------------------------------------------------------------------------------------------------------------
  L0      9/0    7.68 KB   0.9      0.0     0.0      0.0       0.0      0.0       0.0   1.0      0.0      0.1         0         1    0.007       0      0
 Sum      9/0    7.68 KB   0.0      0.0     0.0      0.0       0.0      0.0       0.0   1.0      0.0      0.1         0         1    0.007       0      0
 Int      0/0    0.00 KB   0.0      0.0     0.0      0.0       0.0      0.0       0.0   0.0      0.0      0.0         0         0    0.000       0      0
Uptime(secs): 0.1 total, 0.0 interval
Flush(GB): cumulative 0.000, interval 0.000
AddFile(GB): cumulative 0.000, interval 0.000
AddFile(Total Files): cumulative 0, interval 0
AddFile(L0 Files): cumulative 0, interval 0
AddFile(Keys): cumulative 0, interval 0
Cumulative compaction: 0.00 GB write, 0.01 MB/s write, 0.00 GB read, 0.00 MB/s read, 0.0 seconds
Interval compaction: 0.00 GB write, 0.00 MB/s write, 0.00 GB read, 0.00 MB/s read, 0.0 seconds
Stalls(count): 0 level0_slowdown, 0 level0_slowdown_with_compaction, 0 level0_numfiles, 0 level0_numfiles_with_compaction, 0 stop for pending_compaction_bytes, 0 slowdown for pending_compaction_bytes, 0 memtable_compaction, 0 memtable_slowdown, interval 0 total count

** File Read Latency Histogram By Level [Configuration] **
** Level 0 read latency histogram (micros):
Count: 53 Average: 358.3962  StdDev: 854.54
Min: 2  Median: 2.7083  Max: 3657
Percentiles: P50: 2.71 P75: 143.00 P99: 3252.50 P99.9: 3610.25 P99.99: 3646.02
------------------------------------------------------
(       1,       2 ]       18  33.962%  33.962% #######
(       2,       3 ]       12  22.642%  56.604% #####
(       3,       4 ]        1   1.887%  58.491% 
(       4,       6 ]        4   7.547%  66.038% ##
(       6,      10 ]        1   1.887%  67.925% 
(      34,      51 ]        1   1.887%  69.811% 
(     110,     170 ]        5   9.434%  79.245% ##
(     170,     250 ]        3   5.660%  84.906% #
(     380,     580 ]        2   3.774%  88.679% #
(     870,    1300 ]        2   3.774%  92.453% #
(    1900,    2900 ]        3   5.660%  98.113% #
(    2900,    4400 ]        2   3.774% 101.887% #

2021/11/20-10:51:07.598840 11a18 [WARN] [db\db_impl.cc:617] STATISTICS:
 rocksdb.block.cache.miss COUNT : 27
rocksdb.block.cache.hit COUNT : 0
rocksdb.block.cache.add COUNT : 27
rocksdb.block.cache.add.failures COUNT : 0
rocksdb.block.cache.index.miss COUNT : 9
rocksdb.block.cache.index.hit COUNT : 0
rocksdb.block.cache.index.add COUNT : 9
rocksdb.block.cache.index.bytes.insert COUNT : 918
rocksdb.block.cache.index.bytes.evict COUNT : 0
rocksdb.block.cache.filter.miss COUNT : 0
rocksdb.block.cache.filter.hit COUNT : 0
rocksdb.block.cache.filter.add COUNT : 0
rocksdb.block.cache.filter.bytes.insert COUNT : 0
rocksdb.block.cache.filter.bytes.evict COUNT : 0
rocksdb.block.cache.data.miss COUNT : 18
rocksdb.block.cache.data.hit COUNT : 0
rocksdb.block.cache.data.add COUNT : 18
rocksdb.block.cache.data.bytes.insert COUNT : 2566
rocksdb.block.cache.bytes.read COUNT : 0
rocksdb.block.cache.bytes.write COUNT : 3484
rocksdb.bloom.filter.useful COUNT : 0
rocksdb.bloom.filter.full.positive COUNT : 0
rocksdb.bloom.filter.full.true.positive COUNT : 0
rocksdb.persistent.cache.hit COUNT : 0
rocksdb.persistent.cache.miss COUNT : 0
rocksdb.sim.block.cache.hit COUNT : 0
rocksdb.sim.block.cache.miss COUNT : 0
rocksdb.memtable.hit COUNT : 0
rocksdb.memtable.miss COUNT : 0
rocksdb.l0.hit COUNT : 0
rocksdb.l1.hit COUNT : 0
rocksdb.l2andup.hit COUNT : 0
rocksdb.compaction.key.drop.new COUNT : 0
rocksdb.compaction.key.drop.obsolete COUNT : 0
rocksdb.compaction.key.drop.range_del COUNT : 0
rocksdb.compaction.key.drop.user COUNT : 0
rocksdb.compaction.range_del.drop.obsolete COUNT : 0
rocksdb.compaction.optimized.del.drop.obsolete COUNT : 0
rocksdb.compaction.cancelled COUNT : 0
rocksdb.number.keys.written COUNT : 0
rocksdb.number.keys.read COUNT : 0
rocksdb.number.keys.updated COUNT : 0
rocksdb.bytes.written COUNT : 0
rocksdb.bytes.read COUNT : 0
rocksdb.number.db.seek COUNT : 0
rocksdb.number.db.next COUNT : 0
rocksdb.number.db.prev COUNT : 0
rocksdb.number.db.seek.found COUNT : 0
rocksdb.number.db.next.found COUNT : 0
rocksdb.number.db.prev.found COUNT : 0
rocksdb.db.iter.bytes.read COUNT : 0
rocksdb.no.file.closes COUNT : 0
rocksdb.no.file.opens COUNT : 18
rocksdb.no.file.errors COUNT : 0
rocksdb.l0.slowdown.micros COUNT : 0
rocksdb.memtable.compaction.micros COUNT : 0
rocksdb.l0.num.files.stall.micros COUNT : 0
rocksdb.stall.micros COUNT : 0
rocksdb.db.mutex.wait.micros COUNT : 0
rocksdb.rate.limit.delay.millis COUNT : 0
rocksdb.num.iterators COUNT : 0
rocksdb.number.multiget.get COUNT : 0
rocksdb.number.multiget.keys.read COUNT : 0
rocksdb.number.multiget.bytes.read COUNT : 0
rocksdb.number.deletes.filtered COUNT : 0
rocksdb.number.merge.failures COUNT : 0
rocksdb.bloom.filter.prefix.checked COUNT : 0
rocksdb.bloom.filter.prefix.useful COUNT : 0
rocksdb.number.reseeks.iteration COUNT : 0
rocksdb.getupdatessince.calls COUNT : 0
rocksdb.block.cachecompressed.miss COUNT : 0
rocksdb.block.cachecompressed.hit COUNT : 0
rocksdb.block.cachecompressed.add COUNT : 0
rocksdb.block.cachecompressed.add.failures COUNT : 0
rocksdb.wal.synced COUNT : 0
rocksdb.wal.bytes COUNT : 0
rocksdb.write.self COUNT : 0
rocksdb.write.other COUNT : 0
rocksdb.write.timeout COUNT : 0
rocksdb.write.wal COUNT : 0
rocksdb.compact.read.bytes COUNT : 0
rocksdb.compact.write.bytes COUNT : 1624
rocksdb.flush.write.bytes COUNT : 0
rocksdb.number.direct.load.table.properties COUNT : 0
rocksdb.number.superversion_acquires COUNT : 0
rocksdb.number.superversion_releases COUNT : 0
rocksdb.number.superversion_cleanups COUNT : 0
rocksdb.number.block.compressed COUNT : 1
rocksdb.number.block.decompressed COUNT : 0
rocksdb.number.block.not_compressed COUNT : 0
rocksdb.merge.operation.time.nanos COUNT : 0
rocksdb.filter.operation.time.nanos COUNT : 0
rocksdb.row.cache.hit COUNT : 0
rocksdb.row.cache.miss COUNT : 0
rocksdb.read.amp.estimate.useful.bytes COUNT : 0
rocksdb.read.amp.total.read.bytes COUNT : 0
rocksdb.number.rate_limiter.drains COUNT : 0
rocksdb.number.iter.skip COUNT : 0
rocksdb.blobdb.num.put COUNT : 0
rocksdb.blobdb.num.write COUNT : 0
rocksdb.blobdb.num.get COUNT : 0
rocksdb.blobdb.num.multiget COUNT : 0
rocksdb.blobdb.num.seek COUNT : 0
rocksdb.blobdb.num.next COUNT : 0
rocksdb.blobdb.num.prev COUNT : 0
rocksdb.blobdb.num.keys.written COUNT : 0
rocksdb.blobdb.num.keys.read COUNT : 0
rocksdb.blobdb.bytes.written COUNT : 0
rocksdb.blobdb.bytes.read COUNT : 0
rocksdb.blobdb.write.inlined COUNT : 0
rocksdb.blobdb.write.inlined.ttl COUNT : 0
rocksdb.blobdb.write.blob COUNT : 0
rocksdb.blobdb.write.blob.ttl COUNT : 0
rocksdb.blobdb.blob.file.bytes.written COUNT : 0
rocksdb.blobdb.blob.file.bytes.read COUNT : 0
rocksdb.blobdb.blob.file.synced COUNT : 0
rocksdb.blobdb.blob.index.expired.count COUNT : 0
rocksdb.blobdb.blob.index.expired.size COUNT : 0
rocksdb.blobdb.blob.index.evicted.count COUNT : 0
rocksdb.blobdb.blob.index.evicted.size COUNT : 0
rocksdb.blobdb.gc.num.files COUNT : 0
rocksdb.blobdb.gc.num.new.files COUNT : 0
rocksdb.blobdb.gc.failures COUNT : 0
rocksdb.blobdb.gc.num.keys.overwritten COUNT : 0
rocksdb.blobdb.gc.num.keys.expired COUNT : 0
rocksdb.blobdb.gc.num.keys.relocated COUNT : 0
rocksdb.blobdb.gc.bytes.overwritten COUNT : 0
rocksdb.blobdb.gc.bytes.expired COUNT : 0
rocksdb.blobdb.gc.bytes.relocated COUNT : 0
rocksdb.blobdb.fifo.num.files.evicted COUNT : 0
rocksdb.blobdb.fifo.num.keys.evicted COUNT : 0
rocksdb.blobdb.fifo.bytes.evicted COUNT : 0
rocksdb.txn.overhead.mutex.prepare COUNT : 0
