2021/11/25-09:52:13.939255 66b4 RocksDB version: 5.18.4
2021/11/25-09:52:13.939363 66b4 Git sha rocksdb_build_git_sha:@b9a4a10659969c71e6f6eab4e4bae8c36ede919f@
2021/11/25-09:52:13.939388 66b4 Compile date Mar 11 2020
2021/11/25-09:52:13.939415 66b4 DB SUMMARY
2021/11/25-09:52:13.939681 66b4 CURRENT file:  CURRENT
2021/11/25-09:52:13.939706 66b4 IDENTITY file:  IDENTITY
2021/11/25-09:52:13.939739 66b4 MANIFEST file:  MANIFEST-000064 size: 595 Bytes
2021/11/25-09:52:13.939761 66b4 SST files in D:\Developer\bishe\nacos\data\protocol\raft\naming_persistent_service_v2\log dir, Total Num: 9, files: 000049.sst 000051.sst 000053.sst 000055.sst 000057.sst 000059.sst 000061.sst 000063.sst 000065.sst 
2021/11/25-09:52:13.939782 66b4 Write Ahead Log file in D:\Developer\bishe\nacos\data\protocol\raft\naming_persistent_service_v2\log: 000066.log size: 3715 ; 
2021/11/25-09:52:13.939903 66b4                         Options.error_if_exists: 0
2021/11/25-09:52:13.939923 66b4                       Options.create_if_missing: 1
2021/11/25-09:52:13.939932 66b4                         Options.paranoid_checks: 1
2021/11/25-09:52:13.939940 66b4                                     Options.env: 000002635C598AA0
2021/11/25-09:52:13.939949 66b4                                Options.info_log: 000002635B2A2380
2021/11/25-09:52:13.939958 66b4                Options.max_file_opening_threads: 16
2021/11/25-09:52:13.939966 66b4                              Options.statistics: 00000263592B5470
2021/11/25-09:52:13.939974 66b4                               Options.use_fsync: 0
2021/11/25-09:52:13.939983 66b4                       Options.max_log_file_size: 0
2021/11/25-09:52:13.939991 66b4                  Options.max_manifest_file_size: 1073741824
2021/11/25-09:52:13.940000 66b4                   Options.log_file_time_to_roll: 0
2021/11/25-09:52:13.940008 66b4                       Options.keep_log_file_num: 1000
2021/11/25-09:52:13.940016 66b4                    Options.recycle_log_file_num: 0
2021/11/25-09:52:13.940025 66b4                         Options.allow_fallocate: 1
2021/11/25-09:52:13.940033 66b4                        Options.allow_mmap_reads: 0
2021/11/25-09:52:13.940042 66b4                       Options.allow_mmap_writes: 0
2021/11/25-09:52:13.940052 66b4                        Options.use_direct_reads: 0
2021/11/25-09:52:13.940061 66b4                        Options.use_direct_io_for_flush_and_compaction: 0
2021/11/25-09:52:13.940070 66b4          Options.create_missing_column_families: 1
2021/11/25-09:52:13.940079 66b4                              Options.db_log_dir: 
2021/11/25-09:52:13.940087 66b4                                 Options.wal_dir: D:\Developer\bishe\nacos\data\protocol\raft\naming_persistent_service_v2\log
2021/11/25-09:52:13.940096 66b4                Options.table_cache_numshardbits: 6
2021/11/25-09:52:13.940104 66b4                      Options.max_subcompactions: 1
2021/11/25-09:52:13.940112 66b4                  Options.max_background_flushes: 1
2021/11/25-09:52:13.940121 66b4                         Options.WAL_ttl_seconds: 0
2021/11/25-09:52:13.940129 66b4                       Options.WAL_size_limit_MB: 0
2021/11/25-09:52:13.940138 66b4             Options.manifest_preallocation_size: 4194304
2021/11/25-09:52:13.940146 66b4                     Options.is_fd_close_on_exec: 1
2021/11/25-09:52:13.940154 66b4                   Options.advise_random_on_open: 1
2021/11/25-09:52:13.940163 66b4                    Options.db_write_buffer_size: 0
2021/11/25-09:52:13.940172 66b4                    Options.write_buffer_manager: 000002635C57EA70
2021/11/25-09:52:13.940180 66b4         Options.access_hint_on_compaction_start: 1
2021/11/25-09:52:13.940189 66b4  Options.new_table_reader_for_compaction_inputs: 0
2021/11/25-09:52:13.940197 66b4           Options.random_access_max_buffer_size: 1048576
2021/11/25-09:52:13.940205 66b4                      Options.use_adaptive_mutex: 0
2021/11/25-09:52:13.940214 66b4                            Options.rate_limiter: 0000000000000000
2021/11/25-09:52:13.940223 66b4     Options.sst_file_manager.rate_bytes_per_sec: 0
2021/11/25-09:52:13.940259 66b4                       Options.wal_recovery_mode: 2
2021/11/25-09:52:13.940269 66b4                  Options.enable_thread_tracking: 0
2021/11/25-09:52:13.940278 66b4                  Options.enable_pipelined_write: 0
2021/11/25-09:52:13.940286 66b4         Options.allow_concurrent_memtable_write: 1
2021/11/25-09:52:13.940295 66b4      Options.enable_write_thread_adaptive_yield: 1
2021/11/25-09:52:13.940303 66b4             Options.write_thread_max_yield_usec: 100
2021/11/25-09:52:13.940312 66b4            Options.write_thread_slow_yield_usec: 3
2021/11/25-09:52:13.940320 66b4                               Options.row_cache: None
2021/11/25-09:52:13.940328 66b4                              Options.wal_filter: None
2021/11/25-09:52:13.940337 66b4             Options.avoid_flush_during_recovery: 0
2021/11/25-09:52:13.940345 66b4             Options.allow_ingest_behind: 0
2021/11/25-09:52:13.940354 66b4             Options.preserve_deletes: 0
2021/11/25-09:52:13.940362 66b4             Options.two_write_queues: 0
2021/11/25-09:52:13.940370 66b4             Options.manual_wal_flush: 0
2021/11/25-09:52:13.940379 66b4             Options.max_background_jobs: 2
2021/11/25-09:52:13.940387 66b4             Options.max_background_compactions: 4
2021/11/25-09:52:13.940396 66b4             Options.avoid_flush_during_shutdown: 0
2021/11/25-09:52:13.940404 66b4           Options.writable_file_max_buffer_size: 1048576
2021/11/25-09:52:13.940412 66b4             Options.delayed_write_rate : 16777216
2021/11/25-09:52:13.940421 66b4             Options.max_total_wal_size: 0
2021/11/25-09:52:13.940429 66b4             Options.delete_obsolete_files_period_micros: 21600000000
2021/11/25-09:52:13.940438 66b4                   Options.stats_dump_period_sec: 600
2021/11/25-09:52:13.940446 66b4                          Options.max_open_files: -1
2021/11/25-09:52:13.940455 66b4                          Options.bytes_per_sync: 0
2021/11/25-09:52:13.940463 66b4                      Options.wal_bytes_per_sync: 0
2021/11/25-09:52:13.940472 66b4       Options.compaction_readahead_size: 0
2021/11/25-09:52:13.940480 66b4 Compression algorithms supported:
2021/11/25-09:52:13.940489 66b4 	kZSTD supported: 1
2021/11/25-09:52:13.940497 66b4 	kSnappyCompression supported: 1
2021/11/25-09:52:13.940506 66b4 	kBZip2Compression supported: 0
2021/11/25-09:52:13.940514 66b4 	kZlibCompression supported: 1
2021/11/25-09:52:13.940522 66b4 	kLZ4Compression supported: 1
2021/11/25-09:52:13.940531 66b4 	kXpressCompression supported: 0
2021/11/25-09:52:13.940539 66b4 	kLZ4HCCompression supported: 1
2021/11/25-09:52:13.940547 66b4 	kZSTDNotFinalCompression supported: 1
2021/11/25-09:52:13.940561 66b4 Fast CRC32 supported: Supported on x86
2021/11/25-09:52:13.941549 66b4 [db\version_set.cc:3508] Recovering from manifest file: MANIFEST-000064
2021/11/25-09:52:13.941780 66b4 [db\column_family.cc:474] --------------- Options for column family [default]:
2021/11/25-09:52:13.941799 66b4               Options.comparator: leveldb.BytewiseComparator
2021/11/25-09:52:13.941808 66b4           Options.merge_operator: StringAppendOperator
2021/11/25-09:52:13.941817 66b4        Options.compaction_filter: None
2021/11/25-09:52:13.941825 66b4        Options.compaction_filter_factory: None
2021/11/25-09:52:13.941834 66b4         Options.memtable_factory: SkipListFactory
2021/11/25-09:52:13.941842 66b4            Options.table_factory: BlockBasedTable
2021/11/25-09:52:13.941872 66b4            table_factory options:   flush_block_policy_factory: FlushBlockBySizePolicyFactory (00000263562ECDD0)
  cache_index_and_filter_blocks: 0
  cache_index_and_filter_blocks_with_high_priority: 1
  pin_l0_filter_and_index_blocks_in_cache: 1
  pin_top_level_index_and_filter: 1
  index_type: 2
  hash_index_allow_collision: 1
  checksum: 1
  no_block_cache: 0
  block_cache: 000002635A434560
  block_cache_name: LRUCache
  block_cache_options:
    capacity : 536870912
    num_shard_bits : 8
    strict_capacity_limit : 0
    memory_allocator : None
    high_pri_pool_ratio: 0.000
  block_cache_compressed: 0000000000000000
  persistent_cache: 0000000000000000
  block_size: 4096
  block_size_deviation: 10
  block_restart_interval: 16
  index_block_restart_interval: 1
  metadata_block_size: 8192
  partition_filters: 1
  use_delta_encoding: 1
  filter_policy: nullptr
  whole_key_filtering: 1
  verify_compression: 0
  read_amp_bytes_per_bit: 0
  format_version: 0
  enable_index_compression: 1
  block_align: 0
2021/11/25-09:52:13.942052 66b4        Options.write_buffer_size: 67108864
2021/11/25-09:52:13.942068 66b4  Options.max_write_buffer_number: 3
2021/11/25-09:52:13.942077 66b4          Options.compression: Snappy
2021/11/25-09:52:13.942086 66b4                  Options.bottommost_compression: Disabled
2021/11/25-09:52:13.942095 66b4       Options.prefix_extractor: rocksdb.FixedPrefix.8
2021/11/25-09:52:13.942103 66b4   Options.memtable_insert_with_hint_prefix_extractor: nullptr
2021/11/25-09:52:13.942112 66b4             Options.num_levels: 7
2021/11/25-09:52:13.942120 66b4        Options.min_write_buffer_number_to_merge: 1
2021/11/25-09:52:13.942128 66b4     Options.max_write_buffer_number_to_maintain: 0
2021/11/25-09:52:13.942137 66b4            Options.bottommost_compression_opts.window_bits: -14
2021/11/25-09:52:13.942145 66b4                  Options.bottommost_compression_opts.level: 32767
2021/11/25-09:52:13.942154 66b4               Options.bottommost_compression_opts.strategy: 0
2021/11/25-09:52:13.942162 66b4         Options.bottommost_compression_opts.max_dict_bytes: 0
2021/11/25-09:52:13.942171 66b4         Options.bottommost_compression_opts.zstd_max_train_bytes: 0
2021/11/25-09:52:13.942179 66b4                  Options.bottommost_compression_opts.enabled: false
2021/11/25-09:52:13.942188 66b4            Options.compression_opts.window_bits: -14
2021/11/25-09:52:13.942196 66b4                  Options.compression_opts.level: 32767
2021/11/25-09:52:13.942204 66b4               Options.compression_opts.strategy: 0
2021/11/25-09:52:13.942213 66b4         Options.compression_opts.max_dict_bytes: 0
2021/11/25-09:52:13.942221 66b4         Options.compression_opts.zstd_max_train_bytes: 0
2021/11/25-09:52:13.942230 66b4                  Options.compression_opts.enabled: false
2021/11/25-09:52:13.942238 66b4      Options.level0_file_num_compaction_trigger: 10
2021/11/25-09:52:13.942246 66b4          Options.level0_slowdown_writes_trigger: 20
2021/11/25-09:52:13.942255 66b4              Options.level0_stop_writes_trigger: 40
2021/11/25-09:52:13.942263 66b4                   Options.target_file_size_base: 67108864
2021/11/25-09:52:13.942271 66b4             Options.target_file_size_multiplier: 1
2021/11/25-09:52:13.942280 66b4                Options.max_bytes_for_level_base: 536870912
2021/11/25-09:52:13.942288 66b4 Options.level_compaction_dynamic_level_bytes: 0
2021/11/25-09:52:13.942296 66b4          Options.max_bytes_for_level_multiplier: 10.000000
2021/11/25-09:52:13.942306 66b4 Options.max_bytes_for_level_multiplier_addtl[0]: 1
2021/11/25-09:52:13.942314 66b4 Options.max_bytes_for_level_multiplier_addtl[1]: 1
2021/11/25-09:52:13.942323 66b4 Options.max_bytes_for_level_multiplier_addtl[2]: 1
2021/11/25-09:52:13.942331 66b4 Options.max_bytes_for_level_multiplier_addtl[3]: 1
2021/11/25-09:52:13.942340 66b4 Options.max_bytes_for_level_multiplier_addtl[4]: 1
2021/11/25-09:52:13.942348 66b4 Options.max_bytes_for_level_multiplier_addtl[5]: 1
2021/11/25-09:52:13.942356 66b4 Options.max_bytes_for_level_multiplier_addtl[6]: 1
2021/11/25-09:52:13.942365 66b4       Options.max_sequential_skip_in_iterations: 8
2021/11/25-09:52:13.942373 66b4                    Options.max_compaction_bytes: 1677721600
2021/11/25-09:52:13.942382 66b4                        Options.arena_block_size: 8388608
2021/11/25-09:52:13.942390 66b4   Options.soft_pending_compaction_bytes_limit: 68719476736
2021/11/25-09:52:13.942399 66b4   Options.hard_pending_compaction_bytes_limit: 274877906944
2021/11/25-09:52:13.942407 66b4       Options.rate_limit_delay_max_milliseconds: 100
2021/11/25-09:52:13.942415 66b4                Options.disable_auto_compactions: 0
2021/11/25-09:52:13.942427 66b4                        Options.compaction_style: kCompactionStyleLevel
2021/11/25-09:52:13.942436 66b4                          Options.compaction_pri: kByCompensatedSize
2021/11/25-09:52:13.942445 66b4 Options.compaction_options_universal.size_ratio: 1
2021/11/25-09:52:13.942453 66b4 Options.compaction_options_universal.min_merge_width: 2
2021/11/25-09:52:13.942462 66b4 Options.compaction_options_universal.max_merge_width: 4294967295
2021/11/25-09:52:13.942470 66b4 Options.compaction_options_universal.max_size_amplification_percent: 200
2021/11/25-09:52:13.942479 66b4 Options.compaction_options_universal.compression_size_percent: -1
2021/11/25-09:52:13.942488 66b4 Options.compaction_options_universal.stop_style: kCompactionStopStyleTotalSize
2021/11/25-09:52:13.942496 66b4 Options.compaction_options_fifo.max_table_files_size: 1073741824
2021/11/25-09:52:13.942505 66b4 Options.compaction_options_fifo.allow_compaction: 0
2021/11/25-09:52:13.942513 66b4 Options.compaction_options_fifo.ttl: 0
2021/11/25-09:52:13.942521 66b4                   Options.table_properties_collectors: 
2021/11/25-09:52:13.942530 66b4                   Options.inplace_update_support: 0
2021/11/25-09:52:13.942538 66b4                 Options.inplace_update_num_locks: 10000
2021/11/25-09:52:13.942547 66b4               Options.memtable_prefix_bloom_size_ratio: 0.125000
2021/11/25-09:52:13.942556 66b4   Options.memtable_huge_page_size: 0
2021/11/25-09:52:13.942564 66b4                           Options.bloom_locality: 0
2021/11/25-09:52:13.942574 66b4                    Options.max_successive_merges: 0
2021/11/25-09:52:13.942583 66b4                Options.optimize_filters_for_hits: 0
2021/11/25-09:52:13.942648 66b4                Options.paranoid_file_checks: 0
2021/11/25-09:52:13.942656 66b4                Options.force_consistency_checks: 1
2021/11/25-09:52:13.942665 66b4                Options.report_bg_io_stats: 0
2021/11/25-09:52:13.942673 66b4                               Options.ttl: 0
2021/11/25-09:52:13.945146 66b4 [db\column_family.cc:474] --------------- Options for column family [Configuration]:
2021/11/25-09:52:13.945176 66b4               Options.comparator: leveldb.BytewiseComparator
2021/11/25-09:52:13.945186 66b4           Options.merge_operator: StringAppendOperator
2021/11/25-09:52:13.945195 66b4        Options.compaction_filter: None
2021/11/25-09:52:13.945203 66b4        Options.compaction_filter_factory: None
2021/11/25-09:52:13.945212 66b4         Options.memtable_factory: SkipListFactory
2021/11/25-09:52:13.945220 66b4            Options.table_factory: BlockBasedTable
2021/11/25-09:52:13.945248 66b4            table_factory options:   flush_block_policy_factory: FlushBlockBySizePolicyFactory (00000263562ECDD0)
  cache_index_and_filter_blocks: 0
  cache_index_and_filter_blocks_with_high_priority: 1
  pin_l0_filter_and_index_blocks_in_cache: 1
  pin_top_level_index_and_filter: 1
  index_type: 2
  hash_index_allow_collision: 1
  checksum: 1
  no_block_cache: 0
  block_cache: 000002635A434560
  block_cache_name: LRUCache
  block_cache_options:
    capacity : 536870912
    num_shard_bits : 8
    strict_capacity_limit : 0
    memory_allocator : None
    high_pri_pool_ratio: 0.000
  block_cache_compressed: 0000000000000000
  persistent_cache: 0000000000000000
  block_size: 4096
  block_size_deviation: 10
  block_restart_interval: 16
  index_block_restart_interval: 1
  metadata_block_size: 8192
  partition_filters: 1
  use_delta_encoding: 1
  filter_policy: nullptr
  whole_key_filtering: 1
  verify_compression: 0
  read_amp_bytes_per_bit: 0
  format_version: 0
  enable_index_compression: 1
  block_align: 0
2021/11/25-09:52:13.945257 66b4        Options.write_buffer_size: 67108864
2021/11/25-09:52:13.945266 66b4  Options.max_write_buffer_number: 3
2021/11/25-09:52:13.945274 66b4          Options.compression: Snappy
2021/11/25-09:52:13.945283 66b4                  Options.bottommost_compression: Disabled
2021/11/25-09:52:13.945292 66b4       Options.prefix_extractor: rocksdb.FixedPrefix.8
2021/11/25-09:52:13.945351 66b4   Options.memtable_insert_with_hint_prefix_extractor: nullptr
2021/11/25-09:52:13.945363 66b4             Options.num_levels: 7
2021/11/25-09:52:13.945372 66b4        Options.min_write_buffer_number_to_merge: 1
2021/11/25-09:52:13.945380 66b4     Options.max_write_buffer_number_to_maintain: 0
2021/11/25-09:52:13.945388 66b4            Options.bottommost_compression_opts.window_bits: -14
2021/11/25-09:52:13.945397 66b4                  Options.bottommost_compression_opts.level: 32767
2021/11/25-09:52:13.945405 66b4               Options.bottommost_compression_opts.strategy: 0
2021/11/25-09:52:13.945414 66b4         Options.bottommost_compression_opts.max_dict_bytes: 0
2021/11/25-09:52:13.945422 66b4         Options.bottommost_compression_opts.zstd_max_train_bytes: 0
2021/11/25-09:52:13.945430 66b4                  Options.bottommost_compression_opts.enabled: false
2021/11/25-09:52:13.945439 66b4            Options.compression_opts.window_bits: -14
2021/11/25-09:52:13.945447 66b4                  Options.compression_opts.level: 32767
2021/11/25-09:52:13.945456 66b4               Options.compression_opts.strategy: 0
2021/11/25-09:52:13.945464 66b4         Options.compression_opts.max_dict_bytes: 0
2021/11/25-09:52:13.945472 66b4         Options.compression_opts.zstd_max_train_bytes: 0
2021/11/25-09:52:13.945481 66b4                  Options.compression_opts.enabled: false
2021/11/25-09:52:13.945489 66b4      Options.level0_file_num_compaction_trigger: 10
2021/11/25-09:52:13.945497 66b4          Options.level0_slowdown_writes_trigger: 20
2021/11/25-09:52:13.945506 66b4              Options.level0_stop_writes_trigger: 40
2021/11/25-09:52:13.945514 66b4                   Options.target_file_size_base: 67108864
2021/11/25-09:52:13.945522 66b4             Options.target_file_size_multiplier: 1
2021/11/25-09:52:13.945531 66b4                Options.max_bytes_for_level_base: 536870912
2021/11/25-09:52:13.945539 66b4 Options.level_compaction_dynamic_level_bytes: 0
2021/11/25-09:52:13.945547 66b4          Options.max_bytes_for_level_multiplier: 10.000000
2021/11/25-09:52:13.945557 66b4 Options.max_bytes_for_level_multiplier_addtl[0]: 1
2021/11/25-09:52:13.945565 66b4 Options.max_bytes_for_level_multiplier_addtl[1]: 1
2021/11/25-09:52:13.945573 66b4 Options.max_bytes_for_level_multiplier_addtl[2]: 1
2021/11/25-09:52:13.945584 66b4 Options.max_bytes_for_level_multiplier_addtl[3]: 1
2021/11/25-09:52:13.945592 66b4 Options.max_bytes_for_level_multiplier_addtl[4]: 1
2021/11/25-09:52:13.945601 66b4 Options.max_bytes_for_level_multiplier_addtl[5]: 1
2021/11/25-09:52:13.945609 66b4 Options.max_bytes_for_level_multiplier_addtl[6]: 1
2021/11/25-09:52:13.945617 66b4       Options.max_sequential_skip_in_iterations: 8
2021/11/25-09:52:13.945626 66b4                    Options.max_compaction_bytes: 1677721600
2021/11/25-09:52:13.945634 66b4                        Options.arena_block_size: 8388608
2021/11/25-09:52:13.945642 66b4   Options.soft_pending_compaction_bytes_limit: 68719476736
2021/11/25-09:52:13.945651 66b4   Options.hard_pending_compaction_bytes_limit: 274877906944
2021/11/25-09:52:13.945659 66b4       Options.rate_limit_delay_max_milliseconds: 100
2021/11/25-09:52:13.945667 66b4                Options.disable_auto_compactions: 0
2021/11/25-09:52:13.945677 66b4                        Options.compaction_style: kCompactionStyleLevel
2021/11/25-09:52:13.945685 66b4                          Options.compaction_pri: kByCompensatedSize
2021/11/25-09:52:13.945694 66b4 Options.compaction_options_universal.size_ratio: 1
2021/11/25-09:52:13.945702 66b4 Options.compaction_options_universal.min_merge_width: 2
2021/11/25-09:52:13.945711 66b4 Options.compaction_options_universal.max_merge_width: 4294967295
2021/11/25-09:52:13.945719 66b4 Options.compaction_options_universal.max_size_amplification_percent: 200
2021/11/25-09:52:13.945728 66b4 Options.compaction_options_universal.compression_size_percent: -1
2021/11/25-09:52:13.945736 66b4 Options.compaction_options_universal.stop_style: kCompactionStopStyleTotalSize
2021/11/25-09:52:13.945746 66b4 Options.compaction_options_fifo.max_table_files_size: 1073741824
2021/11/25-09:52:13.945755 66b4 Options.compaction_options_fifo.allow_compaction: 0
2021/11/25-09:52:13.945763 66b4 Options.compaction_options_fifo.ttl: 0
2021/11/25-09:52:13.945771 66b4                   Options.table_properties_collectors: 
2021/11/25-09:52:13.945780 66b4                   Options.inplace_update_support: 0
2021/11/25-09:52:13.945788 66b4                 Options.inplace_update_num_locks: 10000
2021/11/25-09:52:13.945796 66b4               Options.memtable_prefix_bloom_size_ratio: 0.125000
2021/11/25-09:52:13.945805 66b4   Options.memtable_huge_page_size: 0
2021/11/25-09:52:13.945814 66b4                           Options.bloom_locality: 0
2021/11/25-09:52:13.945822 66b4                    Options.max_successive_merges: 0
2021/11/25-09:52:13.945830 66b4                Options.optimize_filters_for_hits: 0
2021/11/25-09:52:13.945839 66b4                Options.paranoid_file_checks: 0
2021/11/25-09:52:13.945847 66b4                Options.force_consistency_checks: 1
2021/11/25-09:52:13.945855 66b4                Options.report_bg_io_stats: 0
2021/11/25-09:52:13.945864 66b4                               Options.ttl: 0
2021/11/25-09:52:13.951481 66b4 [db\version_set.cc:3724] Recovered from manifest file:D:\Developer\bishe\nacos\data\protocol\raft\naming_persistent_service_v2\log/MANIFEST-000064 succeeded,manifest_file_number is 64, next_file_number is 67, last_sequence is 1261, log_number is 0,prev_log_number is 0,max_column_family is 1,min_log_number_to_keep is 0
2021/11/25-09:52:13.951510 66b4 [db\version_set.cc:3732] Column family [default] (ID 0), log number is 63
2021/11/25-09:52:13.951520 66b4 [db\version_set.cc:3732] Column family [Configuration] (ID 1), log number is 63
2021/11/25-09:52:13.952312 66b4 EVENT_LOG_v1 {"time_micros": 1637805133951964, "job": 1, "event": "recovery_started", "log_files": [66]}
2021/11/25-09:52:13.952364 66b4 [db\db_impl_open.cc:578] Recovering log #66 mode 2
2021/11/25-09:52:13.955357 66b4 EVENT_LOG_v1 {"time_micros": 1637805133955339, "cf_name": "default", "job": 1, "event": "table_file_creation", "file_number": 67, "file_size": 747, "table_properties": {"data_size": 0, "index_size": 13, "filter_size": 0, "raw_key_size": 32, "raw_average_key_size": 0, "raw_value_size": 16, "raw_average_value_size": 0, "num_data_blocks": 0, "num_entries": 0, "filter_policy_name": ""}}
2021/11/25-09:52:13.958021 66b4 [db\version_set.cc:3037] Creating manifest 68
2021/11/25-09:52:13.965481 66b4 EVENT_LOG_v1 {"time_micros": 1637805133965464, "cf_name": "Configuration", "job": 1, "event": "table_file_creation", "file_number": 69, "file_size": 877, "table_properties": {"data_size": 44, "index_size": 49, "filter_size": 0, "raw_key_size": 58, "raw_average_key_size": 58, "raw_value_size": 24, "raw_average_value_size": 24, "num_data_blocks": 1, "num_entries": 1, "filter_policy_name": ""}}
2021/11/25-09:52:13.969552 66b4 EVENT_LOG_v1 {"time_micros": 1637805133969543, "job": 1, "event": "recovery_finished"}
2021/11/25-09:52:13.977225 66b4 [db\db_impl_open.cc:1314] DB pointer 0000026355E98A60
2021/11/25-09:52:13.977789 6cd4 [WARN] [db\db_impl.cc:669] ------- DUMPING STATS -------
2021/11/25-09:52:13.977870 6cd4 [WARN] [db\db_impl.cc:670] 
** DB Stats **
Uptime(secs): 0.0 total, 0.0 interval
Cumulative writes: 0 writes, 0 keys, 0 commit groups, 0.0 writes per commit group, ingest: 0.00 GB, 0.00 MB/s
Cumulative WAL: 0 writes, 0 syncs, 0.00 writes per sync, written: 0.00 GB, 0.00 MB/s
Cumulative stall: 00:00:0.000 H:M:S, 0.0 percent
Interval writes: 0 writes, 0 keys, 0 commit groups, 0.0 writes per commit group, ingest: 0.00 MB, 0.00 MB/s
Interval WAL: 0 writes, 0 syncs, 0.00 writes per sync, written: 0.00 MB, 0.00 MB/s
Interval stall: 00:00:0.000 H:M:S, 0.0 percent

** Compaction Stats [default] **
Level    Files   Size     Score Read(GB)  Rn(GB) Rnp1(GB) Write(GB) Wnew(GB) Moved(GB) W-Amp Rd(MB/s) Wr(MB/s) Comp(sec) Comp(cnt) Avg(sec) KeyIn KeyDrop
----------------------------------------------------------------------------------------------------------------------------------------------------------
  L0      5/0    3.65 KB   0.5      0.0     0.0      0.0       0.0      0.0       0.0   1.0      0.0      0.3         0         1    0.002       0      0
 Sum      5/0    3.65 KB   0.0      0.0     0.0      0.0       0.0      0.0       0.0   1.0      0.0      0.3         0         1    0.002       0      0
 Int      0/0    0.00 KB   0.0      0.0     0.0      0.0       0.0      0.0       0.0   1.0      0.0      0.3         0         1    0.002       0      0
Uptime(secs): 0.0 total, 0.0 interval
Flush(GB): cumulative 0.000, interval 0.000
AddFile(GB): cumulative 0.000, interval 0.000
AddFile(Total Files): cumulative 0, interval 0
AddFile(L0 Files): cumulative 0, interval 0
AddFile(Keys): cumulative 0, interval 0
Cumulative compaction: 0.00 GB write, 0.02 MB/s write, 0.00 GB read, 0.00 MB/s read, 0.0 seconds
Interval compaction: 0.00 GB write, 0.02 MB/s write, 0.00 GB read, 0.00 MB/s read, 0.0 seconds
Stalls(count): 0 level0_slowdown, 0 level0_slowdown_with_compaction, 0 level0_numfiles, 0 level0_numfiles_with_compaction, 0 stop for pending_compaction_bytes, 0 slowdown for pending_compaction_bytes, 0 memtable_compaction, 0 memtable_slowdown, interval 0 total count

** File Read Latency Histogram By Level [default] **
** Level 0 read latency histogram (micros):
Count: 25 Average: 56.1200  StdDev: 122.14
Min: 1  Median: 4.7500  Max: 495
Percentiles: P50: 4.75 P75: 11.88 P99: 495.00 P99.9: 495.00 P99.99: 495.00
------------------------------------------------------
[       0,       1 ]        1   4.000%   4.000% #
(       1,       2 ]        6  24.000%  28.000% #####
(       2,       3 ]        2   8.000%  36.000% ##
(       3,       4 ]        2   8.000%  44.000% ##
(       4,       6 ]        4  16.000%  60.000% ###
(       6,      10 ]        3  12.000%  72.000% ##
(      10,      15 ]        2   8.000%  80.000% ##
(      22,      34 ]        1   4.000%  84.000% #
(     170,     250 ]        2   8.000%  92.000% ##
(     250,     380 ]        1   4.000%  96.000% #
(     380,     580 ]        1   4.000% 100.000% #


** Compaction Stats [Configuration] **
Level    Files   Size     Score Read(GB)  Rn(GB) Rnp1(GB) Write(GB) Wnew(GB) Moved(GB) W-Amp Rd(MB/s) Wr(MB/s) Comp(sec) Comp(cnt) Avg(sec) KeyIn KeyDrop
----------------------------------------------------------------------------------------------------------------------------------------------------------
  L0      5/0    4.28 KB   0.5      0.0     0.0      0.0       0.0      0.0       0.0   1.0      0.0      0.4         0         1    0.002       0      0
  L1      1/0    0.76 KB   0.0      0.0     0.0      0.0       0.0      0.0       0.0   0.0      0.0      0.0         0         0    0.000       0      0
 Sum      6/0    5.04 KB   0.0      0.0     0.0      0.0       0.0      0.0       0.0   1.0      0.0      0.4         0         1    0.002       0      0
 Int      0/0    0.00 KB   0.0      0.0     0.0      0.0       0.0      0.0       0.0   1.0      0.0      0.4         0         1    0.002       0      0
Uptime(secs): 0.0 total, 0.0 interval
Flush(GB): cumulative 0.000, interval 0.000
AddFile(GB): cumulative 0.000, interval 0.000
AddFile(Total Files): cumulative 0, interval 0
AddFile(L0 Files): cumulative 0, interval 0
AddFile(Keys): cumulative 0, interval 0
Cumulative compaction: 0.00 GB write, 0.03 MB/s write, 0.00 GB read, 0.00 MB/s read, 0.0 seconds
Interval compaction: 0.00 GB write, 0.03 MB/s write, 0.00 GB read, 0.00 MB/s read, 0.0 seconds
Stalls(count): 0 level0_slowdown, 0 level0_slowdown_with_compaction, 0 level0_numfiles, 0 level0_numfiles_with_compaction, 0 stop for pending_compaction_bytes, 0 slowdown for pending_compaction_bytes, 0 memtable_compaction, 0 memtable_slowdown, interval 0 total count

** File Read Latency Histogram By Level [Configuration] **
** Level 0 read latency histogram (micros):
Count: 30 Average: 38.2333  StdDev: 88.18
Min: 1  Median: 2.6667  Max: 295
Percentiles: P50: 2.67 P75: 4.33 P99: 295.00 P99.9: 295.00 P99.99: 295.00
------------------------------------------------------
[       0,       1 ]        3  10.000%  10.000% ##
(       1,       2 ]        8  26.667%  36.667% #####
(       2,       3 ]        6  20.000%  56.667% ####
(       3,       4 ]        5  16.667%  73.333% ###
(       4,       6 ]        3  10.000%  83.333% ##
(      22,      34 ]        1   3.333%  86.667% #
(     170,     250 ]        2   6.667%  93.333% #
(     250,     380 ]        2   6.667% 100.000% #

** Level 1 read latency histogram (micros):
Count: 4 Average: 40.5000  StdDev: 62.67
Min: 2  Median: 4.0000  Max: 149
Percentiles: P50: 4.00 P75: 10.00 P99: 149.00 P99.9: 149.00 P99.99: 149.00
------------------------------------------------------
(       1,       2 ]        1  25.000%  25.000% #####
(       3,       4 ]        1  25.000%  50.000% #####
(       6,      10 ]        1  25.000%  75.000% #####
(     110,     170 ]        1  25.000% 100.000% #####


** Compaction Stats [default] **
Level    Files   Size     Score Read(GB)  Rn(GB) Rnp1(GB) Write(GB) Wnew(GB) Moved(GB) W-Amp Rd(MB/s) Wr(MB/s) Comp(sec) Comp(cnt) Avg(sec) KeyIn KeyDrop
----------------------------------------------------------------------------------------------------------------------------------------------------------
  L0      5/0    3.65 KB   0.5      0.0     0.0      0.0       0.0      0.0       0.0   1.0      0.0      0.3         0         1    0.002       0      0
 Sum      5/0    3.65 KB   0.0      0.0     0.0      0.0       0.0      0.0       0.0   1.0      0.0      0.3         0         1    0.002       0      0
 Int      0/0    0.00 KB   0.0      0.0     0.0      0.0       0.0      0.0       0.0   0.0      0.0      0.0         0         0    0.000       0      0
Uptime(secs): 0.0 total, 0.0 interval
Flush(GB): cumulative 0.000, interval 0.000
AddFile(GB): cumulative 0.000, interval 0.000
AddFile(Total Files): cumulative 0, interval 0
AddFile(L0 Files): cumulative 0, interval 0
AddFile(Keys): cumulative 0, interval 0
Cumulative compaction: 0.00 GB write, 0.02 MB/s write, 0.00 GB read, 0.00 MB/s read, 0.0 seconds
Interval compaction: 0.00 GB write, 0.00 MB/s write, 0.00 GB read, 0.00 MB/s read, 0.0 seconds
Stalls(count): 0 level0_slowdown, 0 level0_slowdown_with_compaction, 0 level0_numfiles, 0 level0_numfiles_with_compaction, 0 stop for pending_compaction_bytes, 0 slowdown for pending_compaction_bytes, 0 memtable_compaction, 0 memtable_slowdown, interval 0 total count

** File Read Latency Histogram By Level [default] **
** Level 0 read latency histogram (micros):
Count: 25 Average: 56.1200  StdDev: 122.14
Min: 1  Median: 4.7500  Max: 495
Percentiles: P50: 4.75 P75: 11.88 P99: 495.00 P99.9: 495.00 P99.99: 495.00
------------------------------------------------------
[       0,       1 ]        1   4.000%   4.000% #
(       1,       2 ]        6  24.000%  28.000% #####
(       2,       3 ]        2   8.000%  36.000% ##
(       3,       4 ]        2   8.000%  44.000% ##
(       4,       6 ]        4  16.000%  60.000% ###
(       6,      10 ]        3  12.000%  72.000% ##
(      10,      15 ]        2   8.000%  80.000% ##
(      22,      34 ]        1   4.000%  84.000% #
(     170,     250 ]        2   8.000%  92.000% ##
(     250,     380 ]        1   4.000%  96.000% #
(     380,     580 ]        1   4.000% 100.000% #


** Compaction Stats [Configuration] **
Level    Files   Size     Score Read(GB)  Rn(GB) Rnp1(GB) Write(GB) Wnew(GB) Moved(GB) W-Amp Rd(MB/s) Wr(MB/s) Comp(sec) Comp(cnt) Avg(sec) KeyIn KeyDrop
----------------------------------------------------------------------------------------------------------------------------------------------------------
  L0      5/0    4.28 KB   0.5      0.0     0.0      0.0       0.0      0.0       0.0   1.0      0.0      0.4         0         1    0.002       0      0
  L1      1/0    0.76 KB   0.0      0.0     0.0      0.0       0.0      0.0       0.0   0.0      0.0      0.0         0         0    0.000       0      0
 Sum      6/0    5.04 KB   0.0      0.0     0.0      0.0       0.0      0.0       0.0   1.0      0.0      0.4         0         1    0.002       0      0
 Int      0/0    0.00 KB   0.0      0.0     0.0      0.0       0.0      0.0       0.0   0.0      0.0      0.0         0         0    0.000       0      0
Uptime(secs): 0.0 total, 0.0 interval
Flush(GB): cumulative 0.000, interval 0.000
AddFile(GB): cumulative 0.000, interval 0.000
AddFile(Total Files): cumulative 0, interval 0
AddFile(L0 Files): cumulative 0, interval 0
AddFile(Keys): cumulative 0, interval 0
Cumulative compaction: 0.00 GB write, 0.03 MB/s write, 0.00 GB read, 0.00 MB/s read, 0.0 seconds
Interval compaction: 0.00 GB write, 0.00 MB/s write, 0.00 GB read, 0.00 MB/s read, 0.0 seconds
Stalls(count): 0 level0_slowdown, 0 level0_slowdown_with_compaction, 0 level0_numfiles, 0 level0_numfiles_with_compaction, 0 stop for pending_compaction_bytes, 0 slowdown for pending_compaction_bytes, 0 memtable_compaction, 0 memtable_slowdown, interval 0 total count

** File Read Latency Histogram By Level [Configuration] **
** Level 0 read latency histogram (micros):
Count: 30 Average: 38.2333  StdDev: 88.18
Min: 1  Median: 2.6667  Max: 295
Percentiles: P50: 2.67 P75: 4.33 P99: 295.00 P99.9: 295.00 P99.99: 295.00
------------------------------------------------------
[       0,       1 ]        3  10.000%  10.000% ##
(       1,       2 ]        8  26.667%  36.667% #####
(       2,       3 ]        6  20.000%  56.667% ####
(       3,       4 ]        5  16.667%  73.333% ###
(       4,       6 ]        3  10.000%  83.333% ##
(      22,      34 ]        1   3.333%  86.667% #
(     170,     250 ]        2   6.667%  93.333% #
(     250,     380 ]        2   6.667% 100.000% #

** Level 1 read latency histogram (micros):
Count: 4 Average: 40.5000  StdDev: 62.67
Min: 2  Median: 4.0000  Max: 149
Percentiles: P50: 4.00 P75: 10.00 P99: 149.00 P99.9: 149.00 P99.99: 149.00
------------------------------------------------------
(       1,       2 ]        1  25.000%  25.000% #####
(       3,       4 ]        1  25.000%  50.000% #####
(       6,      10 ]        1  25.000%  75.000% #####
(     110,     170 ]        1  25.000% 100.000% #####

2021/11/25-09:52:13.978555 6cd4 [WARN] [db\db_impl.cc:617] STATISTICS:
 rocksdb.block.cache.miss COUNT : 15
rocksdb.block.cache.hit COUNT : 0
rocksdb.block.cache.add COUNT : 15
rocksdb.block.cache.add.failures COUNT : 0
rocksdb.block.cache.index.miss COUNT : 5
rocksdb.block.cache.index.hit COUNT : 0
rocksdb.block.cache.index.add COUNT : 5
rocksdb.block.cache.index.bytes.insert COUNT : 510
rocksdb.block.cache.index.bytes.evict COUNT : 0
rocksdb.block.cache.filter.miss COUNT : 0
rocksdb.block.cache.filter.hit COUNT : 0
rocksdb.block.cache.filter.add COUNT : 0
rocksdb.block.cache.filter.bytes.insert COUNT : 0
rocksdb.block.cache.filter.bytes.evict COUNT : 0
rocksdb.block.cache.data.miss COUNT : 10
rocksdb.block.cache.data.hit COUNT : 0
rocksdb.block.cache.data.add COUNT : 10
rocksdb.block.cache.data.bytes.insert COUNT : 1460
rocksdb.block.cache.bytes.read COUNT : 0
rocksdb.block.cache.bytes.write COUNT : 1970
rocksdb.bloom.filter.useful COUNT : 0
rocksdb.bloom.filter.full.positive COUNT : 0
rocksdb.bloom.filter.full.true.positive COUNT : 0
rocksdb.persistent.cache.hit COUNT : 0
rocksdb.persistent.cache.miss COUNT : 0
rocksdb.sim.block.cache.hit COUNT : 0
rocksdb.sim.block.cache.miss COUNT : 0
rocksdb.memtable.hit COUNT : 0
rocksdb.memtable.miss COUNT : 0
rocksdb.l0.hit COUNT : 0
rocksdb.l1.hit COUNT : 0
rocksdb.l2andup.hit COUNT : 0
rocksdb.compaction.key.drop.new COUNT : 0
rocksdb.compaction.key.drop.obsolete COUNT : 0
rocksdb.compaction.key.drop.range_del COUNT : 0
rocksdb.compaction.key.drop.user COUNT : 0
rocksdb.compaction.range_del.drop.obsolete COUNT : 0
rocksdb.compaction.optimized.del.drop.obsolete COUNT : 0
rocksdb.compaction.cancelled COUNT : 0
rocksdb.number.keys.written COUNT : 0
rocksdb.number.keys.read COUNT : 0
rocksdb.number.keys.updated COUNT : 0
rocksdb.bytes.written COUNT : 0
rocksdb.bytes.read COUNT : 0
rocksdb.number.db.seek COUNT : 0
rocksdb.number.db.next COUNT : 0
rocksdb.number.db.prev COUNT : 0
rocksdb.number.db.seek.found COUNT : 0
rocksdb.number.db.next.found COUNT : 0
rocksdb.number.db.prev.found COUNT : 0
rocksdb.db.iter.bytes.read COUNT : 0
rocksdb.no.file.closes COUNT : 0
rocksdb.no.file.opens COUNT : 11
rocksdb.no.file.errors COUNT : 0
rocksdb.l0.slowdown.micros COUNT : 0
rocksdb.memtable.compaction.micros COUNT : 0
rocksdb.l0.num.files.stall.micros COUNT : 0
rocksdb.stall.micros COUNT : 0
rocksdb.db.mutex.wait.micros COUNT : 0
rocksdb.rate.limit.delay.millis COUNT : 0
rocksdb.num.iterators COUNT : 0
rocksdb.number.multiget.get COUNT : 0
rocksdb.number.multiget.keys.read COUNT : 0
rocksdb.number.multiget.bytes.read COUNT : 0
rocksdb.number.deletes.filtered COUNT : 0
rocksdb.number.merge.failures COUNT : 0
rocksdb.bloom.filter.prefix.checked COUNT : 0
rocksdb.bloom.filter.prefix.useful COUNT : 0
rocksdb.number.reseeks.iteration COUNT : 0
rocksdb.getupdatessince.calls COUNT : 0
rocksdb.block.cachecompressed.miss COUNT : 0
rocksdb.block.cachecompressed.hit COUNT : 0
rocksdb.block.cachecompressed.add COUNT : 0
rocksdb.block.cachecompressed.add.failures COUNT : 0
rocksdb.wal.synced COUNT : 0
rocksdb.wal.bytes COUNT : 0
rocksdb.write.self COUNT : 0
rocksdb.write.other COUNT : 0
rocksdb.write.timeout COUNT : 0
rocksdb.write.wal COUNT : 0
rocksdb.compact.read.bytes COUNT : 0
rocksdb.compact.write.bytes COUNT : 1624
rocksdb.flush.write.bytes COUNT : 0
rocksdb.number.direct.load.table.properties COUNT : 0
rocksdb.number.superversion_acquires COUNT : 0
rocksdb.number.superversion_releases COUNT : 0
rocksdb.number.superversion_cleanups COUNT : 0
rocksdb.number.block.compressed COUNT : 1
rocksdb.number.block.decompressed COUNT : 0
rocksdb.number.block.not_compressed COUNT : 0
rocksdb.merge.operation.time.nanos COUNT : 0
rocksdb.filter.operation.time.nanos COUNT : 0
rocksdb.row.cache.hit COUNT : 0
rocksdb.row.cache.miss COUNT : 0
rocksdb.read.amp.estimate.useful.bytes COUNT : 0
rocksdb.read.amp.total.read.bytes COUNT : 0
rocksdb.number.rate_limiter.drains COUNT : 0
rocksdb.number.iter.skip COUNT : 0
rocksdb.blobdb.num.put COUNT : 0
rocksdb.blobdb.num.write COUNT : 0
rocksdb.blobdb.num.get COUNT : 0
rocksdb.blobdb.num.multiget COUNT : 0
rocksdb.blobdb.num.seek COUNT : 0
rocksdb.blobdb.num.next COUNT : 0
rocksdb.blobdb.num.prev COUNT : 0
rocksdb.blobdb.num.keys.written COUNT : 0
rocksdb.blobdb.num.keys.read COUNT : 0
rocksdb.blobdb.bytes.written COUNT : 0
rocksdb.blobdb.bytes.read COUNT : 0
rocksdb.blobdb.write.inlined COUNT : 0
rocksdb.blobdb.write.inlined.ttl COUNT : 0
rocksdb.blobdb.write.blob COUNT : 0
rocksdb.blobdb.write.blob.ttl COUNT : 0
rocksdb.blobdb.blob.file.bytes.written COUNT : 0
rocksdb.blobdb.blob.file.bytes.read COUNT : 0
rocksdb.blobdb.blob.file.synced COUNT : 0
rocksdb.blobdb.blob.index.expired.count COUNT : 0
rocksdb.blobdb.blob.index.expired.size COUNT : 0
rocksdb.blobdb.blob.index.evicted.count COUNT : 0
rocksdb.blobdb.blob.index.evicted.size COUNT : 0
rocksdb.blobdb.gc.num.files COUNT : 0
rocksdb.blobdb.gc.num.new.files COUNT : 0
rocksdb.blobdb.gc.failures COUNT : 0
rocksdb.blobdb.gc.num.keys.overwritten COUNT : 0
rocksdb.blobdb.gc.num.keys.expired COUNT : 0
