2021/11/24-10:43:21.567954 60f4 RocksDB version: 5.18.4
2021/11/24-10:43:21.568102 60f4 Git sha rocksdb_build_git_sha:@b9a4a10659969c71e6f6eab4e4bae8c36ede919f@
2021/11/24-10:43:21.568128 60f4 Compile date Mar 11 2020
2021/11/24-10:43:21.568155 60f4 DB SUMMARY
2021/11/24-10:43:21.568390 60f4 CURRENT file:  CURRENT
2021/11/24-10:43:21.568415 60f4 IDENTITY file:  IDENTITY
2021/11/24-10:43:21.568449 60f4 MANIFEST file:  MANIFEST-000060 size: 499 Bytes
2021/11/24-10:43:21.568472 60f4 SST files in D:\Developer\bishe\nacos\data\protocol\raft\naming_persistent_service_v2\log dir, Total Num: 7, files: 000049.sst 000051.sst 000053.sst 000055.sst 000057.sst 000059.sst 000061.sst 
2021/11/24-10:43:21.568495 60f4 Write Ahead Log file in D:\Developer\bishe\nacos\data\protocol\raft\naming_persistent_service_v2\log: 000062.log size: 3841 ; 
2021/11/24-10:43:21.568627 60f4                         Options.error_if_exists: 0
2021/11/24-10:43:21.568649 60f4                       Options.create_if_missing: 1
2021/11/24-10:43:21.568657 60f4                         Options.paranoid_checks: 1
2021/11/24-10:43:21.568666 60f4                                     Options.env: 000001A4458FD3B0
2021/11/24-10:43:21.568675 60f4                                Options.info_log: 000001A4470A5800
2021/11/24-10:43:21.568683 60f4                Options.max_file_opening_threads: 16
2021/11/24-10:43:21.568692 60f4                              Options.statistics: 000001A44AB14270
2021/11/24-10:43:21.568701 60f4                               Options.use_fsync: 0
2021/11/24-10:43:21.568709 60f4                       Options.max_log_file_size: 0
2021/11/24-10:43:21.568718 60f4                  Options.max_manifest_file_size: 1073741824
2021/11/24-10:43:21.568726 60f4                   Options.log_file_time_to_roll: 0
2021/11/24-10:43:21.568735 60f4                       Options.keep_log_file_num: 1000
2021/11/24-10:43:21.568743 60f4                    Options.recycle_log_file_num: 0
2021/11/24-10:43:21.568752 60f4                         Options.allow_fallocate: 1
2021/11/24-10:43:21.568760 60f4                        Options.allow_mmap_reads: 0
2021/11/24-10:43:21.568769 60f4                       Options.allow_mmap_writes: 0
2021/11/24-10:43:21.568777 60f4                        Options.use_direct_reads: 0
2021/11/24-10:43:21.568786 60f4                        Options.use_direct_io_for_flush_and_compaction: 0
2021/11/24-10:43:21.568794 60f4          Options.create_missing_column_families: 1
2021/11/24-10:43:21.568803 60f4                              Options.db_log_dir: 
2021/11/24-10:43:21.568811 60f4                                 Options.wal_dir: D:\Developer\bishe\nacos\data\protocol\raft\naming_persistent_service_v2\log
2021/11/24-10:43:21.568820 60f4                Options.table_cache_numshardbits: 6
2021/11/24-10:43:21.568829 60f4                      Options.max_subcompactions: 1
2021/11/24-10:43:21.568837 60f4                  Options.max_background_flushes: 1
2021/11/24-10:43:21.568847 60f4                         Options.WAL_ttl_seconds: 0
2021/11/24-10:43:21.568856 60f4                       Options.WAL_size_limit_MB: 0
2021/11/24-10:43:21.568864 60f4             Options.manifest_preallocation_size: 4194304
2021/11/24-10:43:21.568873 60f4                     Options.is_fd_close_on_exec: 1
2021/11/24-10:43:21.568881 60f4                   Options.advise_random_on_open: 1
2021/11/24-10:43:21.568890 60f4                    Options.db_write_buffer_size: 0
2021/11/24-10:43:21.568898 60f4                    Options.write_buffer_manager: 000001A4488DB370
2021/11/24-10:43:21.568907 60f4         Options.access_hint_on_compaction_start: 1
2021/11/24-10:43:21.568915 60f4  Options.new_table_reader_for_compaction_inputs: 0
2021/11/24-10:43:21.568924 60f4           Options.random_access_max_buffer_size: 1048576
2021/11/24-10:43:21.568932 60f4                      Options.use_adaptive_mutex: 0
2021/11/24-10:43:21.568940 60f4                            Options.rate_limiter: 0000000000000000
2021/11/24-10:43:21.568949 60f4     Options.sst_file_manager.rate_bytes_per_sec: 0
2021/11/24-10:43:21.568989 60f4                       Options.wal_recovery_mode: 2
2021/11/24-10:43:21.568999 60f4                  Options.enable_thread_tracking: 0
2021/11/24-10:43:21.569007 60f4                  Options.enable_pipelined_write: 0
2021/11/24-10:43:21.569016 60f4         Options.allow_concurrent_memtable_write: 1
2021/11/24-10:43:21.569025 60f4      Options.enable_write_thread_adaptive_yield: 1
2021/11/24-10:43:21.569033 60f4             Options.write_thread_max_yield_usec: 100
2021/11/24-10:43:21.569042 60f4            Options.write_thread_slow_yield_usec: 3
2021/11/24-10:43:21.569050 60f4                               Options.row_cache: None
2021/11/24-10:43:21.569058 60f4                              Options.wal_filter: None
2021/11/24-10:43:21.569067 60f4             Options.avoid_flush_during_recovery: 0
2021/11/24-10:43:21.569076 60f4             Options.allow_ingest_behind: 0
2021/11/24-10:43:21.569084 60f4             Options.preserve_deletes: 0
2021/11/24-10:43:21.569092 60f4             Options.two_write_queues: 0
2021/11/24-10:43:21.569101 60f4             Options.manual_wal_flush: 0
2021/11/24-10:43:21.569109 60f4             Options.max_background_jobs: 2
2021/11/24-10:43:21.569118 60f4             Options.max_background_compactions: 4
2021/11/24-10:43:21.569126 60f4             Options.avoid_flush_during_shutdown: 0
2021/11/24-10:43:21.569135 60f4           Options.writable_file_max_buffer_size: 1048576
2021/11/24-10:43:21.569143 60f4             Options.delayed_write_rate : 16777216
2021/11/24-10:43:21.569152 60f4             Options.max_total_wal_size: 0
2021/11/24-10:43:21.569160 60f4             Options.delete_obsolete_files_period_micros: 21600000000
2021/11/24-10:43:21.569169 60f4                   Options.stats_dump_period_sec: 600
2021/11/24-10:43:21.569177 60f4                          Options.max_open_files: -1
2021/11/24-10:43:21.569186 60f4                          Options.bytes_per_sync: 0
2021/11/24-10:43:21.569194 60f4                      Options.wal_bytes_per_sync: 0
2021/11/24-10:43:21.569203 60f4       Options.compaction_readahead_size: 0
2021/11/24-10:43:21.569211 60f4 Compression algorithms supported:
2021/11/24-10:43:21.569220 60f4 	kZSTD supported: 1
2021/11/24-10:43:21.569229 60f4 	kSnappyCompression supported: 1
2021/11/24-10:43:21.569238 60f4 	kBZip2Compression supported: 0
2021/11/24-10:43:21.569246 60f4 	kZlibCompression supported: 1
2021/11/24-10:43:21.569255 60f4 	kLZ4Compression supported: 1
2021/11/24-10:43:21.569263 60f4 	kXpressCompression supported: 0
2021/11/24-10:43:21.569272 60f4 	kLZ4HCCompression supported: 1
2021/11/24-10:43:21.569280 60f4 	kZSTDNotFinalCompression supported: 1
2021/11/24-10:43:21.569297 60f4 Fast CRC32 supported: Supported on x86
2021/11/24-10:43:21.570290 60f4 [db\version_set.cc:3508] Recovering from manifest file: MANIFEST-000060
2021/11/24-10:43:21.570485 60f4 [db\column_family.cc:474] --------------- Options for column family [default]:
2021/11/24-10:43:21.570504 60f4               Options.comparator: leveldb.BytewiseComparator
2021/11/24-10:43:21.570515 60f4           Options.merge_operator: StringAppendOperator
2021/11/24-10:43:21.570525 60f4        Options.compaction_filter: None
2021/11/24-10:43:21.570534 60f4        Options.compaction_filter_factory: None
2021/11/24-10:43:21.570542 60f4         Options.memtable_factory: SkipListFactory
2021/11/24-10:43:21.570551 60f4            Options.table_factory: BlockBasedTable
2021/11/24-10:43:21.570590 60f4            table_factory options:   flush_block_policy_factory: FlushBlockBySizePolicyFactory (000001A44A260580)
  cache_index_and_filter_blocks: 0
  cache_index_and_filter_blocks_with_high_priority: 1
  pin_l0_filter_and_index_blocks_in_cache: 1
  pin_top_level_index_and_filter: 1
  index_type: 2
  hash_index_allow_collision: 1
  checksum: 1
  no_block_cache: 0
  block_cache: 000001A44DE7F430
  block_cache_name: LRUCache
  block_cache_options:
    capacity : 536870912
    num_shard_bits : 8
    strict_capacity_limit : 0
    memory_allocator : None
    high_pri_pool_ratio: 0.000
  block_cache_compressed: 0000000000000000
  persistent_cache: 0000000000000000
  block_size: 4096
  block_size_deviation: 10
  block_restart_interval: 16
  index_block_restart_interval: 1
  metadata_block_size: 8192
  partition_filters: 1
  use_delta_encoding: 1
  filter_policy: nullptr
  whole_key_filtering: 1
  verify_compression: 0
  read_amp_bytes_per_bit: 0
  format_version: 0
  enable_index_compression: 1
  block_align: 0
2021/11/24-10:43:21.570643 60f4        Options.write_buffer_size: 67108864
2021/11/24-10:43:21.570653 60f4  Options.max_write_buffer_number: 3
2021/11/24-10:43:21.570662 60f4          Options.compression: Snappy
2021/11/24-10:43:21.570671 60f4                  Options.bottommost_compression: Disabled
2021/11/24-10:43:21.570679 60f4       Options.prefix_extractor: rocksdb.FixedPrefix.8
2021/11/24-10:43:21.570688 60f4   Options.memtable_insert_with_hint_prefix_extractor: nullptr
2021/11/24-10:43:21.570697 60f4             Options.num_levels: 7
2021/11/24-10:43:21.570705 60f4        Options.min_write_buffer_number_to_merge: 1
2021/11/24-10:43:21.570714 60f4     Options.max_write_buffer_number_to_maintain: 0
2021/11/24-10:43:21.570722 60f4            Options.bottommost_compression_opts.window_bits: -14
2021/11/24-10:43:21.570731 60f4                  Options.bottommost_compression_opts.level: 32767
2021/11/24-10:43:21.570739 60f4               Options.bottommost_compression_opts.strategy: 0
2021/11/24-10:43:21.570748 60f4         Options.bottommost_compression_opts.max_dict_bytes: 0
2021/11/24-10:43:21.570756 60f4         Options.bottommost_compression_opts.zstd_max_train_bytes: 0
2021/11/24-10:43:21.570765 60f4                  Options.bottommost_compression_opts.enabled: false
2021/11/24-10:43:21.570773 60f4            Options.compression_opts.window_bits: -14
2021/11/24-10:43:21.570782 60f4                  Options.compression_opts.level: 32767
2021/11/24-10:43:21.570790 60f4               Options.compression_opts.strategy: 0
2021/11/24-10:43:21.570799 60f4         Options.compression_opts.max_dict_bytes: 0
2021/11/24-10:43:21.570807 60f4         Options.compression_opts.zstd_max_train_bytes: 0
2021/11/24-10:43:21.570816 60f4                  Options.compression_opts.enabled: false
2021/11/24-10:43:21.570824 60f4      Options.level0_file_num_compaction_trigger: 10
2021/11/24-10:43:21.570833 60f4          Options.level0_slowdown_writes_trigger: 20
2021/11/24-10:43:21.570841 60f4              Options.level0_stop_writes_trigger: 40
2021/11/24-10:43:21.570852 60f4                   Options.target_file_size_base: 67108864
2021/11/24-10:43:21.570861 60f4             Options.target_file_size_multiplier: 1
2021/11/24-10:43:21.570869 60f4                Options.max_bytes_for_level_base: 536870912
2021/11/24-10:43:21.570878 60f4 Options.level_compaction_dynamic_level_bytes: 0
2021/11/24-10:43:21.570886 60f4          Options.max_bytes_for_level_multiplier: 10.000000
2021/11/24-10:43:21.570896 60f4 Options.max_bytes_for_level_multiplier_addtl[0]: 1
2021/11/24-10:43:21.570904 60f4 Options.max_bytes_for_level_multiplier_addtl[1]: 1
2021/11/24-10:43:21.570913 60f4 Options.max_bytes_for_level_multiplier_addtl[2]: 1
2021/11/24-10:43:21.570922 60f4 Options.max_bytes_for_level_multiplier_addtl[3]: 1
2021/11/24-10:43:21.570930 60f4 Options.max_bytes_for_level_multiplier_addtl[4]: 1
2021/11/24-10:43:21.570938 60f4 Options.max_bytes_for_level_multiplier_addtl[5]: 1
2021/11/24-10:43:21.570947 60f4 Options.max_bytes_for_level_multiplier_addtl[6]: 1
2021/11/24-10:43:21.570955 60f4       Options.max_sequential_skip_in_iterations: 8
2021/11/24-10:43:21.570964 60f4                    Options.max_compaction_bytes: 1677721600
2021/11/24-10:43:21.570972 60f4                        Options.arena_block_size: 8388608
2021/11/24-10:43:21.570981 60f4   Options.soft_pending_compaction_bytes_limit: 68719476736
2021/11/24-10:43:21.570989 60f4   Options.hard_pending_compaction_bytes_limit: 274877906944
2021/11/24-10:43:21.570998 60f4       Options.rate_limit_delay_max_milliseconds: 100
2021/11/24-10:43:21.571006 60f4                Options.disable_auto_compactions: 0
2021/11/24-10:43:21.571017 60f4                        Options.compaction_style: kCompactionStyleLevel
2021/11/24-10:43:21.571027 60f4                          Options.compaction_pri: kByCompensatedSize
2021/11/24-10:43:21.571035 60f4 Options.compaction_options_universal.size_ratio: 1
2021/11/24-10:43:21.571044 60f4 Options.compaction_options_universal.min_merge_width: 2
2021/11/24-10:43:21.571052 60f4 Options.compaction_options_universal.max_merge_width: 4294967295
2021/11/24-10:43:21.571061 60f4 Options.compaction_options_universal.max_size_amplification_percent: 200
2021/11/24-10:43:21.571069 60f4 Options.compaction_options_universal.compression_size_percent: -1
2021/11/24-10:43:21.571078 60f4 Options.compaction_options_universal.stop_style: kCompactionStopStyleTotalSize
2021/11/24-10:43:21.571087 60f4 Options.compaction_options_fifo.max_table_files_size: 1073741824
2021/11/24-10:43:21.571096 60f4 Options.compaction_options_fifo.allow_compaction: 0
2021/11/24-10:43:21.571104 60f4 Options.compaction_options_fifo.ttl: 0
2021/11/24-10:43:21.571112 60f4                   Options.table_properties_collectors: 
2021/11/24-10:43:21.571121 60f4                   Options.inplace_update_support: 0
2021/11/24-10:43:21.571130 60f4                 Options.inplace_update_num_locks: 10000
2021/11/24-10:43:21.571138 60f4               Options.memtable_prefix_bloom_size_ratio: 0.125000
2021/11/24-10:43:21.571147 60f4   Options.memtable_huge_page_size: 0
2021/11/24-10:43:21.571156 60f4                           Options.bloom_locality: 0
2021/11/24-10:43:21.571167 60f4                    Options.max_successive_merges: 0
2021/11/24-10:43:21.571176 60f4                Options.optimize_filters_for_hits: 0
2021/11/24-10:43:21.571185 60f4                Options.paranoid_file_checks: 0
2021/11/24-10:43:21.571193 60f4                Options.force_consistency_checks: 1
2021/11/24-10:43:21.571201 60f4                Options.report_bg_io_stats: 0
2021/11/24-10:43:21.571210 60f4                               Options.ttl: 0
2021/11/24-10:43:21.574521 60f4 [db\column_family.cc:474] --------------- Options for column family [Configuration]:
2021/11/24-10:43:21.574557 60f4               Options.comparator: leveldb.BytewiseComparator
2021/11/24-10:43:21.574568 60f4           Options.merge_operator: StringAppendOperator
2021/11/24-10:43:21.574577 60f4        Options.compaction_filter: None
2021/11/24-10:43:21.574586 60f4        Options.compaction_filter_factory: None
2021/11/24-10:43:21.574594 60f4         Options.memtable_factory: SkipListFactory
2021/11/24-10:43:21.574603 60f4            Options.table_factory: BlockBasedTable
2021/11/24-10:43:21.574634 60f4            table_factory options:   flush_block_policy_factory: FlushBlockBySizePolicyFactory (000001A44A260580)
  cache_index_and_filter_blocks: 0
  cache_index_and_filter_blocks_with_high_priority: 1
  pin_l0_filter_and_index_blocks_in_cache: 1
  pin_top_level_index_and_filter: 1
  index_type: 2
  hash_index_allow_collision: 1
  checksum: 1
  no_block_cache: 0
  block_cache: 000001A44DE7F430
  block_cache_name: LRUCache
  block_cache_options:
    capacity : 536870912
    num_shard_bits : 8
    strict_capacity_limit : 0
    memory_allocator : None
    high_pri_pool_ratio: 0.000
  block_cache_compressed: 0000000000000000
  persistent_cache: 0000000000000000
  block_size: 4096
  block_size_deviation: 10
  block_restart_interval: 16
  index_block_restart_interval: 1
  metadata_block_size: 8192
  partition_filters: 1
  use_delta_encoding: 1
  filter_policy: nullptr
  whole_key_filtering: 1
  verify_compression: 0
  read_amp_bytes_per_bit: 0
  format_version: 0
  enable_index_compression: 1
  block_align: 0
2021/11/24-10:43:21.574645 60f4        Options.write_buffer_size: 67108864
2021/11/24-10:43:21.574653 60f4  Options.max_write_buffer_number: 3
2021/11/24-10:43:21.574662 60f4          Options.compression: Snappy
2021/11/24-10:43:21.574670 60f4                  Options.bottommost_compression: Disabled
2021/11/24-10:43:21.574679 60f4       Options.prefix_extractor: rocksdb.FixedPrefix.8
2021/11/24-10:43:21.574744 60f4   Options.memtable_insert_with_hint_prefix_extractor: nullptr
2021/11/24-10:43:21.574755 60f4             Options.num_levels: 7
2021/11/24-10:43:21.574764 60f4        Options.min_write_buffer_number_to_merge: 1
2021/11/24-10:43:21.574772 60f4     Options.max_write_buffer_number_to_maintain: 0
2021/11/24-10:43:21.574781 60f4            Options.bottommost_compression_opts.window_bits: -14
2021/11/24-10:43:21.574789 60f4                  Options.bottommost_compression_opts.level: 32767
2021/11/24-10:43:21.574798 60f4               Options.bottommost_compression_opts.strategy: 0
2021/11/24-10:43:21.574807 60f4         Options.bottommost_compression_opts.max_dict_bytes: 0
2021/11/24-10:43:21.574815 60f4         Options.bottommost_compression_opts.zstd_max_train_bytes: 0
2021/11/24-10:43:21.574824 60f4                  Options.bottommost_compression_opts.enabled: false
2021/11/24-10:43:21.574835 60f4            Options.compression_opts.window_bits: -14
2021/11/24-10:43:21.574844 60f4                  Options.compression_opts.level: 32767
2021/11/24-10:43:21.574852 60f4               Options.compression_opts.strategy: 0
2021/11/24-10:43:21.574861 60f4         Options.compression_opts.max_dict_bytes: 0
2021/11/24-10:43:21.574869 60f4         Options.compression_opts.zstd_max_train_bytes: 0
2021/11/24-10:43:21.574878 60f4                  Options.compression_opts.enabled: false
2021/11/24-10:43:21.574886 60f4      Options.level0_file_num_compaction_trigger: 10
2021/11/24-10:43:21.574895 60f4          Options.level0_slowdown_writes_trigger: 20
2021/11/24-10:43:21.574904 60f4              Options.level0_stop_writes_trigger: 40
2021/11/24-10:43:21.574912 60f4                   Options.target_file_size_base: 67108864
2021/11/24-10:43:21.574921 60f4             Options.target_file_size_multiplier: 1
2021/11/24-10:43:21.574929 60f4                Options.max_bytes_for_level_base: 536870912
2021/11/24-10:43:21.574938 60f4 Options.level_compaction_dynamic_level_bytes: 0
2021/11/24-10:43:21.574946 60f4          Options.max_bytes_for_level_multiplier: 10.000000
2021/11/24-10:43:21.574956 60f4 Options.max_bytes_for_level_multiplier_addtl[0]: 1
2021/11/24-10:43:21.574965 60f4 Options.max_bytes_for_level_multiplier_addtl[1]: 1
2021/11/24-10:43:21.574974 60f4 Options.max_bytes_for_level_multiplier_addtl[2]: 1
2021/11/24-10:43:21.574982 60f4 Options.max_bytes_for_level_multiplier_addtl[3]: 1
2021/11/24-10:43:21.574991 60f4 Options.max_bytes_for_level_multiplier_addtl[4]: 1
2021/11/24-10:43:21.574999 60f4 Options.max_bytes_for_level_multiplier_addtl[5]: 1
2021/11/24-10:43:21.575008 60f4 Options.max_bytes_for_level_multiplier_addtl[6]: 1
2021/11/24-10:43:21.575016 60f4       Options.max_sequential_skip_in_iterations: 8
2021/11/24-10:43:21.575025 60f4                    Options.max_compaction_bytes: 1677721600
2021/11/24-10:43:21.575034 60f4                        Options.arena_block_size: 8388608
2021/11/24-10:43:21.575042 60f4   Options.soft_pending_compaction_bytes_limit: 68719476736
2021/11/24-10:43:21.575051 60f4   Options.hard_pending_compaction_bytes_limit: 274877906944
2021/11/24-10:43:21.575059 60f4       Options.rate_limit_delay_max_milliseconds: 100
2021/11/24-10:43:21.575068 60f4                Options.disable_auto_compactions: 0
2021/11/24-10:43:21.575077 60f4                        Options.compaction_style: kCompactionStyleLevel
2021/11/24-10:43:21.575087 60f4                          Options.compaction_pri: kByCompensatedSize
2021/11/24-10:43:21.575096 60f4 Options.compaction_options_universal.size_ratio: 1
2021/11/24-10:43:21.575105 60f4 Options.compaction_options_universal.min_merge_width: 2
2021/11/24-10:43:21.575114 60f4 Options.compaction_options_universal.max_merge_width: 4294967295
2021/11/24-10:43:21.575123 60f4 Options.compaction_options_universal.max_size_amplification_percent: 200
2021/11/24-10:43:21.575131 60f4 Options.compaction_options_universal.compression_size_percent: -1
2021/11/24-10:43:21.575140 60f4 Options.compaction_options_universal.stop_style: kCompactionStopStyleTotalSize
2021/11/24-10:43:21.575151 60f4 Options.compaction_options_fifo.max_table_files_size: 1073741824
2021/11/24-10:43:21.575160 60f4 Options.compaction_options_fifo.allow_compaction: 0
2021/11/24-10:43:21.575169 60f4 Options.compaction_options_fifo.ttl: 0
2021/11/24-10:43:21.575178 60f4                   Options.table_properties_collectors: 
2021/11/24-10:43:21.575186 60f4                   Options.inplace_update_support: 0
2021/11/24-10:43:21.575195 60f4                 Options.inplace_update_num_locks: 10000
2021/11/24-10:43:21.575203 60f4               Options.memtable_prefix_bloom_size_ratio: 0.125000
2021/11/24-10:43:21.575212 60f4   Options.memtable_huge_page_size: 0
2021/11/24-10:43:21.575221 60f4                           Options.bloom_locality: 0
2021/11/24-10:43:21.575229 60f4                    Options.max_successive_merges: 0
2021/11/24-10:43:21.575238 60f4                Options.optimize_filters_for_hits: 0
2021/11/24-10:43:21.575247 60f4                Options.paranoid_file_checks: 0
2021/11/24-10:43:21.575255 60f4                Options.force_consistency_checks: 1
2021/11/24-10:43:21.575264 60f4                Options.report_bg_io_stats: 0
2021/11/24-10:43:21.575272 60f4                               Options.ttl: 0
2021/11/24-10:43:21.580461 60f4 [db\version_set.cc:3724] Recovered from manifest file:D:\Developer\bishe\nacos\data\protocol\raft\naming_persistent_service_v2\log/MANIFEST-000060 succeeded,manifest_file_number is 60, next_file_number is 63, last_sequence is 1170, log_number is 0,prev_log_number is 0,max_column_family is 1,min_log_number_to_keep is 0
2021/11/24-10:43:21.580494 60f4 [db\version_set.cc:3732] Column family [default] (ID 0), log number is 59
2021/11/24-10:43:21.580503 60f4 [db\version_set.cc:3732] Column family [Configuration] (ID 1), log number is 59
2021/11/24-10:43:21.581516 60f4 EVENT_LOG_v1 {"time_micros": 1637721801580902, "job": 1, "event": "recovery_started", "log_files": [62]}
2021/11/24-10:43:21.581561 60f4 [db\db_impl_open.cc:578] Recovering log #62 mode 2
2021/11/24-10:43:21.584648 60f4 EVENT_LOG_v1 {"time_micros": 1637721801584630, "cf_name": "default", "job": 1, "event": "table_file_creation", "file_number": 63, "file_size": 747, "table_properties": {"data_size": 0, "index_size": 13, "filter_size": 0, "raw_key_size": 32, "raw_average_key_size": 0, "raw_value_size": 16, "raw_average_value_size": 0, "num_data_blocks": 0, "num_entries": 0, "filter_policy_name": ""}}
2021/11/24-10:43:21.587579 60f4 [db\version_set.cc:3037] Creating manifest 64
2021/11/24-10:43:21.595084 60f4 EVENT_LOG_v1 {"time_micros": 1637721801595066, "cf_name": "Configuration", "job": 1, "event": "table_file_creation", "file_number": 65, "file_size": 877, "table_properties": {"data_size": 44, "index_size": 49, "filter_size": 0, "raw_key_size": 58, "raw_average_key_size": 58, "raw_value_size": 24, "raw_average_value_size": 24, "num_data_blocks": 1, "num_entries": 1, "filter_policy_name": ""}}
2021/11/24-10:43:21.599068 60f4 EVENT_LOG_v1 {"time_micros": 1637721801599058, "job": 1, "event": "recovery_finished"}
2021/11/24-10:43:21.607227 60f4 [db\db_impl_open.cc:1314] DB pointer 000001A44CA7B020
2021/11/24-10:43:21.607742 5f48 [WARN] [db\db_impl.cc:669] ------- DUMPING STATS -------
2021/11/24-10:43:21.607778 5f48 [WARN] [db\db_impl.cc:670] 
** DB Stats **
Uptime(secs): 0.0 total, 0.0 interval
Cumulative writes: 0 writes, 0 keys, 0 commit groups, 0.0 writes per commit group, ingest: 0.00 GB, 0.00 MB/s
Cumulative WAL: 0 writes, 0 syncs, 0.00 writes per sync, written: 0.00 GB, 0.00 MB/s
Cumulative stall: 00:00:0.000 H:M:S, 0.0 percent
Interval writes: 0 writes, 0 keys, 0 commit groups, 0.0 writes per commit group, ingest: 0.00 MB, 0.00 MB/s
Interval WAL: 0 writes, 0 syncs, 0.00 writes per sync, written: 0.00 MB, 0.00 MB/s
Interval stall: 00:00:0.000 H:M:S, 0.0 percent

** Compaction Stats [default] **
Level    Files   Size     Score Read(GB)  Rn(GB) Rnp1(GB) Write(GB) Wnew(GB) Moved(GB) W-Amp Rd(MB/s) Wr(MB/s) Comp(sec) Comp(cnt) Avg(sec) KeyIn KeyDrop
----------------------------------------------------------------------------------------------------------------------------------------------------------
  L0      4/0    2.92 KB   0.4      0.0     0.0      0.0       0.0      0.0       0.0   1.0      0.0      0.3         0         1    0.002       0      0
 Sum      4/0    2.92 KB   0.0      0.0     0.0      0.0       0.0      0.0       0.0   1.0      0.0      0.3         0         1    0.002       0      0
 Int      0/0    0.00 KB   0.0      0.0     0.0      0.0       0.0      0.0       0.0   1.0      0.0      0.3         0         1    0.002       0      0
Uptime(secs): 0.0 total, 0.0 interval
Flush(GB): cumulative 0.000, interval 0.000
AddFile(GB): cumulative 0.000, interval 0.000
AddFile(Total Files): cumulative 0, interval 0
AddFile(L0 Files): cumulative 0, interval 0
AddFile(Keys): cumulative 0, interval 0
Cumulative compaction: 0.00 GB write, 0.02 MB/s write, 0.00 GB read, 0.00 MB/s read, 0.0 seconds
Interval compaction: 0.00 GB write, 0.02 MB/s write, 0.00 GB read, 0.00 MB/s read, 0.0 seconds
Stalls(count): 0 level0_slowdown, 0 level0_slowdown_with_compaction, 0 level0_numfiles, 0 level0_numfiles_with_compaction, 0 stop for pending_compaction_bytes, 0 slowdown for pending_compaction_bytes, 0 memtable_compaction, 0 memtable_slowdown, interval 0 total count

** File Read Latency Histogram By Level [default] **
** Level 0 read latency histogram (micros):
Count: 20 Average: 39.0500  StdDev: 83.17
Min: 1  Median: 4.0000  Max: 300
Percentiles: P50: 4.00 P75: 5.67 P99: 300.00 P99.9: 300.00 P99.99: 300.00
------------------------------------------------------
[       0,       1 ]        1   5.000%   5.000% #
(       1,       2 ]        4  20.000%  25.000% ####
(       2,       3 ]        1   5.000%  30.000% #
(       3,       4 ]        4  20.000%  50.000% ####
(       4,       6 ]        6  30.000%  80.000% ######
(      22,      34 ]        1   5.000%  85.000% #
(     170,     250 ]        2  10.000%  95.000% ##
(     250,     380 ]        1   5.000% 100.000% #


** Compaction Stats [Configuration] **
Level    Files   Size     Score Read(GB)  Rn(GB) Rnp1(GB) Write(GB) Wnew(GB) Moved(GB) W-Amp Rd(MB/s) Wr(MB/s) Comp(sec) Comp(cnt) Avg(sec) KeyIn KeyDrop
----------------------------------------------------------------------------------------------------------------------------------------------------------
  L0      4/0    3.43 KB   0.4      0.0     0.0      0.0       0.0      0.0       0.0   1.0      0.0      0.4         0         1    0.002       0      0
  L1      1/0    0.76 KB   0.0      0.0     0.0      0.0       0.0      0.0       0.0   0.0      0.0      0.0         0         0    0.000       0      0
 Sum      5/0    4.19 KB   0.0      0.0     0.0      0.0       0.0      0.0       0.0   1.0      0.0      0.4         0         1    0.002       0      0
 Int      0/0    0.00 KB   0.0      0.0     0.0      0.0       0.0      0.0       0.0   1.0      0.0      0.4         0         1    0.002       0      0
Uptime(secs): 0.0 total, 0.0 interval
Flush(GB): cumulative 0.000, interval 0.000
AddFile(GB): cumulative 0.000, interval 0.000
AddFile(Total Files): cumulative 0, interval 0
AddFile(L0 Files): cumulative 0, interval 0
AddFile(Keys): cumulative 0, interval 0
Cumulative compaction: 0.00 GB write, 0.03 MB/s write, 0.00 GB read, 0.00 MB/s read, 0.0 seconds
Interval compaction: 0.00 GB write, 0.03 MB/s write, 0.00 GB read, 0.00 MB/s read, 0.0 seconds
Stalls(count): 0 level0_slowdown, 0 level0_slowdown_with_compaction, 0 level0_numfiles, 0 level0_numfiles_with_compaction, 0 stop for pending_compaction_bytes, 0 slowdown for pending_compaction_bytes, 0 memtable_compaction, 0 memtable_slowdown, interval 0 total count

** File Read Latency Histogram By Level [Configuration] **
** Level 0 read latency histogram (micros):
Count: 24 Average: 26.1250  StdDev: 60.43
Min: 1  Median: 1.7692  Max: 217
Percentiles: P50: 1.77 P75: 4.67 P99: 217.00 P99.9: 217.00 P99.99: 217.00
------------------------------------------------------
[       0,       1 ]        2   8.333%   8.333% ##
(       1,       2 ]       13  54.167%  62.500% ###########
(       2,       3 ]        2   8.333%  70.833% ##
(       4,       6 ]        3  12.500%  83.333% ###
(      22,      34 ]        1   4.167%  87.500% #
(     110,     170 ]        1   4.167%  91.667% #
(     170,     250 ]        2   8.333% 100.000% ##

** Level 1 read latency histogram (micros):
Count: 4 Average: 38.2500  StdDev: 61.07
Min: 2  Median: 2.0000  Max: 144
Percentiles: P50: 2.00 P75: 6.00 P99: 144.00 P99.9: 144.00 P99.99: 144.00
------------------------------------------------------
(       1,       2 ]        2  50.000%  50.000% ##########
(       4,       6 ]        1  25.000%  75.000% #####
(     110,     170 ]        1  25.000% 100.000% #####


** Compaction Stats [default] **
Level    Files   Size     Score Read(GB)  Rn(GB) Rnp1(GB) Write(GB) Wnew(GB) Moved(GB) W-Amp Rd(MB/s) Wr(MB/s) Comp(sec) Comp(cnt) Avg(sec) KeyIn KeyDrop
----------------------------------------------------------------------------------------------------------------------------------------------------------
  L0      4/0    2.92 KB   0.4      0.0     0.0      0.0       0.0      0.0       0.0   1.0      0.0      0.3         0         1    0.002       0      0
 Sum      4/0    2.92 KB   0.0      0.0     0.0      0.0       0.0      0.0       0.0   1.0      0.0      0.3         0         1    0.002       0      0
 Int      0/0    0.00 KB   0.0      0.0     0.0      0.0       0.0      0.0       0.0   0.0      0.0      0.0         0         0    0.000       0      0
Uptime(secs): 0.0 total, 0.0 interval
Flush(GB): cumulative 0.000, interval 0.000
AddFile(GB): cumulative 0.000, interval 0.000
AddFile(Total Files): cumulative 0, interval 0
AddFile(L0 Files): cumulative 0, interval 0
AddFile(Keys): cumulative 0, interval 0
Cumulative compaction: 0.00 GB write, 0.02 MB/s write, 0.00 GB read, 0.00 MB/s read, 0.0 seconds
Interval compaction: 0.00 GB write, 0.00 MB/s write, 0.00 GB read, 0.00 MB/s read, 0.0 seconds
Stalls(count): 0 level0_slowdown, 0 level0_slowdown_with_compaction, 0 level0_numfiles, 0 level0_numfiles_with_compaction, 0 stop for pending_compaction_bytes, 0 slowdown for pending_compaction_bytes, 0 memtable_compaction, 0 memtable_slowdown, interval 0 total count

** File Read Latency Histogram By Level [default] **
** Level 0 read latency histogram (micros):
Count: 20 Average: 39.0500  StdDev: 83.17
Min: 1  Median: 4.0000  Max: 300
Percentiles: P50: 4.00 P75: 5.67 P99: 300.00 P99.9: 300.00 P99.99: 300.00
------------------------------------------------------
[       0,       1 ]        1   5.000%   5.000% #
(       1,       2 ]        4  20.000%  25.000% ####
(       2,       3 ]        1   5.000%  30.000% #
(       3,       4 ]        4  20.000%  50.000% ####
(       4,       6 ]        6  30.000%  80.000% ######
(      22,      34 ]        1   5.000%  85.000% #
(     170,     250 ]        2  10.000%  95.000% ##
(     250,     380 ]        1   5.000% 100.000% #


** Compaction Stats [Configuration] **
Level    Files   Size     Score Read(GB)  Rn(GB) Rnp1(GB) Write(GB) Wnew(GB) Moved(GB) W-Amp Rd(MB/s) Wr(MB/s) Comp(sec) Comp(cnt) Avg(sec) KeyIn KeyDrop
----------------------------------------------------------------------------------------------------------------------------------------------------------
  L0      4/0    3.43 KB   0.4      0.0     0.0      0.0       0.0      0.0       0.0   1.0      0.0      0.4         0         1    0.002       0      0
  L1      1/0    0.76 KB   0.0      0.0     0.0      0.0       0.0      0.0       0.0   0.0      0.0      0.0         0         0    0.000       0      0
 Sum      5/0    4.19 KB   0.0      0.0     0.0      0.0       0.0      0.0       0.0   1.0      0.0      0.4         0         1    0.002       0      0
 Int      0/0    0.00 KB   0.0      0.0     0.0      0.0       0.0      0.0       0.0   0.0      0.0      0.0         0         0    0.000       0      0
Uptime(secs): 0.0 total, 0.0 interval
Flush(GB): cumulative 0.000, interval 0.000
AddFile(GB): cumulative 0.000, interval 0.000
AddFile(Total Files): cumulative 0, interval 0
AddFile(L0 Files): cumulative 0, interval 0
AddFile(Keys): cumulative 0, interval 0
Cumulative compaction: 0.00 GB write, 0.03 MB/s write, 0.00 GB read, 0.00 MB/s read, 0.0 seconds
Interval compaction: 0.00 GB write, 0.00 MB/s write, 0.00 GB read, 0.00 MB/s read, 0.0 seconds
Stalls(count): 0 level0_slowdown, 0 level0_slowdown_with_compaction, 0 level0_numfiles, 0 level0_numfiles_with_compaction, 0 stop for pending_compaction_bytes, 0 slowdown for pending_compaction_bytes, 0 memtable_compaction, 0 memtable_slowdown, interval 0 total count

** File Read Latency Histogram By Level [Configuration] **
** Level 0 read latency histogram (micros):
Count: 24 Average: 26.1250  StdDev: 60.43
Min: 1  Median: 1.7692  Max: 217
Percentiles: P50: 1.77 P75: 4.67 P99: 217.00 P99.9: 217.00 P99.99: 217.00
------------------------------------------------------
[       0,       1 ]        2   8.333%   8.333% ##
(       1,       2 ]       13  54.167%  62.500% ###########
(       2,       3 ]        2   8.333%  70.833% ##
(       4,       6 ]        3  12.500%  83.333% ###
(      22,      34 ]        1   4.167%  87.500% #
(     110,     170 ]        1   4.167%  91.667% #
(     170,     250 ]        2   8.333% 100.000% ##

** Level 1 read latency histogram (micros):
Count: 4 Average: 38.2500  StdDev: 61.07
Min: 2  Median: 2.0000  Max: 144
Percentiles: P50: 2.00 P75: 6.00 P99: 144.00 P99.9: 144.00 P99.99: 144.00
------------------------------------------------------
(       1,       2 ]        2  50.000%  50.000% ##########
(       4,       6 ]        1  25.000%  75.000% #####
(     110,     170 ]        1  25.000% 100.000% #####

2021/11/24-10:43:21.608326 5f48 [WARN] [db\db_impl.cc:617] STATISTICS:
 rocksdb.block.cache.miss COUNT : 12
rocksdb.block.cache.hit COUNT : 0
rocksdb.block.cache.add COUNT : 12
rocksdb.block.cache.add.failures COUNT : 0
rocksdb.block.cache.index.miss COUNT : 4
rocksdb.block.cache.index.hit COUNT : 0
rocksdb.block.cache.index.add COUNT : 4
rocksdb.block.cache.index.bytes.insert COUNT : 408
rocksdb.block.cache.index.bytes.evict COUNT : 0
rocksdb.block.cache.filter.miss COUNT : 0
rocksdb.block.cache.filter.hit COUNT : 0
rocksdb.block.cache.filter.add COUNT : 0
rocksdb.block.cache.filter.bytes.insert COUNT : 0
rocksdb.block.cache.filter.bytes.evict COUNT : 0
rocksdb.block.cache.data.miss COUNT : 8
rocksdb.block.cache.data.hit COUNT : 0
rocksdb.block.cache.data.add COUNT : 8
rocksdb.block.cache.data.bytes.insert COUNT : 1168
rocksdb.block.cache.bytes.read COUNT : 0
rocksdb.block.cache.bytes.write COUNT : 1576
rocksdb.bloom.filter.useful COUNT : 0
rocksdb.bloom.filter.full.positive COUNT : 0
rocksdb.bloom.filter.full.true.positive COUNT : 0
rocksdb.persistent.cache.hit COUNT : 0
rocksdb.persistent.cache.miss COUNT : 0
rocksdb.sim.block.cache.hit COUNT : 0
rocksdb.sim.block.cache.miss COUNT : 0
rocksdb.memtable.hit COUNT : 0
rocksdb.memtable.miss COUNT : 0
rocksdb.l0.hit COUNT : 0
rocksdb.l1.hit COUNT : 0
rocksdb.l2andup.hit COUNT : 0
rocksdb.compaction.key.drop.new COUNT : 0
rocksdb.compaction.key.drop.obsolete COUNT : 0
rocksdb.compaction.key.drop.range_del COUNT : 0
rocksdb.compaction.key.drop.user COUNT : 0
rocksdb.compaction.range_del.drop.obsolete COUNT : 0
rocksdb.compaction.optimized.del.drop.obsolete COUNT : 0
rocksdb.compaction.cancelled COUNT : 0
rocksdb.number.keys.written COUNT : 0
rocksdb.number.keys.read COUNT : 0
rocksdb.number.keys.updated COUNT : 0
rocksdb.bytes.written COUNT : 0
rocksdb.bytes.read COUNT : 0
rocksdb.number.db.seek COUNT : 0
rocksdb.number.db.next COUNT : 0
rocksdb.number.db.prev COUNT : 0
rocksdb.number.db.seek.found COUNT : 0
rocksdb.number.db.next.found COUNT : 0
rocksdb.number.db.prev.found COUNT : 0
rocksdb.db.iter.bytes.read COUNT : 0
rocksdb.no.file.closes COUNT : 0
rocksdb.no.file.opens COUNT : 9
rocksdb.no.file.errors COUNT : 0
rocksdb.l0.slowdown.micros COUNT : 0
rocksdb.memtable.compaction.micros COUNT : 0
rocksdb.l0.num.files.stall.micros COUNT : 0
rocksdb.stall.micros COUNT : 0
rocksdb.db.mutex.wait.micros COUNT : 0
rocksdb.rate.limit.delay.millis COUNT : 0
rocksdb.num.iterators COUNT : 0
rocksdb.number.multiget.get COUNT : 0
rocksdb.number.multiget.keys.read COUNT : 0
rocksdb.number.multiget.bytes.read COUNT : 0
rocksdb.number.deletes.filtered COUNT : 0
rocksdb.number.merge.failures COUNT : 0
rocksdb.bloom.filter.prefix.checked COUNT : 0
rocksdb.bloom.filter.prefix.useful COUNT : 0
rocksdb.number.reseeks.iteration COUNT : 0
rocksdb.getupdatessince.calls COUNT : 0
rocksdb.block.cachecompressed.miss COUNT : 0
rocksdb.block.cachecompressed.hit COUNT : 0
rocksdb.block.cachecompressed.add COUNT : 0
rocksdb.block.cachecompressed.add.failures COUNT : 0
rocksdb.wal.synced COUNT : 0
rocksdb.wal.bytes COUNT : 0
rocksdb.write.self COUNT : 0
rocksdb.write.other COUNT : 0
rocksdb.write.timeout COUNT : 0
rocksdb.write.wal COUNT : 0
rocksdb.compact.read.bytes COUNT : 0
rocksdb.compact.write.bytes COUNT : 1624
rocksdb.flush.write.bytes COUNT : 0
rocksdb.number.direct.load.table.properties COUNT : 0
rocksdb.number.superversion_acquires COUNT : 0
rocksdb.number.superversion_releases COUNT : 0
rocksdb.number.superversion_cleanups COUNT : 0
rocksdb.number.block.compressed COUNT : 1
rocksdb.number.block.decompressed COUNT : 0
rocksdb.number.block.not_compressed COUNT : 0
rocksdb.merge.operation.time.nanos COUNT : 0
rocksdb.filter.operation.time.nanos COUNT : 0
rocksdb.row.cache.hit COUNT : 0
rocksdb.row.cache.miss COUNT : 0
rocksdb.read.amp.estimate.useful.bytes COUNT : 0
rocksdb.read.amp.total.read.bytes COUNT : 0
rocksdb.number.rate_limiter.drains COUNT : 0
rocksdb.number.iter.skip COUNT : 0
rocksdb.blobdb.num.put COUNT : 0
rocksdb.blobdb.num.write COUNT : 0
rocksdb.blobdb.num.get COUNT : 0
rocksdb.blobdb.num.multiget COUNT : 0
rocksdb.blobdb.num.seek COUNT : 0
rocksdb.blobdb.num.next COUNT : 0
rocksdb.blobdb.num.prev COUNT : 0
rocksdb.blobdb.num.keys.written COUNT : 0
rocksdb.blobdb.num.keys.read COUNT : 0
rocksdb.blobdb.bytes.written COUNT : 0
rocksdb.blobdb.bytes.read COUNT : 0
rocksdb.blobdb.write.inlined COUNT : 0
rocksdb.blobdb.write.inlined.ttl COUNT : 0
rocksdb.blobdb.write.blob COUNT : 0
rocksdb.blobdb.write.blob.ttl COUNT : 0
rocksdb.blobdb.blob.file.bytes.written COUNT : 0
rocksdb.blobdb.blob.file.bytes.read COUNT : 0
rocksdb.blobdb.blob.file.synced COUNT : 0
rocksdb.blobdb.blob.index.expired.count COUNT : 0
rocksdb.blobdb.blob.index.expired.size COUNT : 0
rocksdb.blobdb.blob.index.evicted.count COUNT : 0
rocksdb.blobdb.blob.index.evicted.size COUNT : 0
rocksdb.blobdb.gc.num.files COUNT : 0
rocksdb.blobdb.gc.num.new.files COUNT : 0
rocksdb.blobdb.gc.failures COUNT : 0
rocksdb.blobdb.gc.num.keys.overwritten COUNT : 0
rocksdb.blobdb.gc.num.keys.expired COUNT : 0
rocksdb.blobdb.gc.num.keys.relocated COUNT : 0
rocksdb.blobdb.gc.bytes.overwritten COUNT : 0
rocksdb.blobdb.gc.bytes.expired COUNT : 0
rocksdb.blobdb.gc.bytes.relocated COUNT : 0
rocksdb.blobdb.fifo.num.files.evicted COUNT : 0
rocksdb.blobdb.fifo.num.keys.evicted COUNT : 0
rocksdb.blobdb.fifo.bytes.evicted COUNT : 0
rocksdb.txn.overhead.mutex.prepare COUNT : 0
rocksdb.txn.overhead.mutex.old.commit.map COUNT : 0
rocksdb.txn.overhead.duplicate.key COUNT : 0
rocksdb.txn.overhead.mutex.snapshot COUNT : 0
