2021/11/18-10:22:40.389518 af9c RocksDB version: 5.18.4
2021/11/18-10:22:40.389643 af9c Git sha rocksdb_build_git_sha:@b9a4a10659969c71e6f6eab4e4bae8c36ede919f@
2021/11/18-10:22:40.389669 af9c Compile date Mar 11 2020
2021/11/18-10:22:40.389696 af9c DB SUMMARY
2021/11/18-10:22:40.390249 af9c CURRENT file:  CURRENT
2021/11/18-10:22:40.390274 af9c IDENTITY file:  IDENTITY
2021/11/18-10:22:40.390307 af9c MANIFEST file:  MANIFEST-000027 size: 717 Bytes
2021/11/18-10:22:40.390328 af9c SST files in D:\Developer\bishe\nacos\data\protocol\raft\naming_persistent_service_v2\log dir, Total Num: 12, files: 000006.sst 000008.sst 000010.sst 000012.sst 000014.sst 000016.sst 000018.sst 000020.sst 000022.sst 
2021/11/18-10:22:40.390349 af9c Write Ahead Log file in D:\Developer\bishe\nacos\data\protocol\raft\naming_persistent_service_v2\log: 000029.log size: 3589 ; 
2021/11/18-10:22:40.390469 af9c                         Options.error_if_exists: 0
2021/11/18-10:22:40.390489 af9c                       Options.create_if_missing: 1
2021/11/18-10:22:40.390497 af9c                         Options.paranoid_checks: 1
2021/11/18-10:22:40.390506 af9c                                     Options.env: 0000026795B4F8F0
2021/11/18-10:22:40.390515 af9c                                Options.info_log: 000002679530F590
2021/11/18-10:22:40.390523 af9c                Options.max_file_opening_threads: 16
2021/11/18-10:22:40.390532 af9c                              Options.statistics: 0000026793B6C230
2021/11/18-10:22:40.390540 af9c                               Options.use_fsync: 0
2021/11/18-10:22:40.390549 af9c                       Options.max_log_file_size: 0
2021/11/18-10:22:40.390557 af9c                  Options.max_manifest_file_size: 1073741824
2021/11/18-10:22:40.390565 af9c                   Options.log_file_time_to_roll: 0
2021/11/18-10:22:40.390574 af9c                       Options.keep_log_file_num: 1000
2021/11/18-10:22:40.390582 af9c                    Options.recycle_log_file_num: 0
2021/11/18-10:22:40.390591 af9c                         Options.allow_fallocate: 1
2021/11/18-10:22:40.390599 af9c                        Options.allow_mmap_reads: 0
2021/11/18-10:22:40.390607 af9c                       Options.allow_mmap_writes: 0
2021/11/18-10:22:40.390616 af9c                        Options.use_direct_reads: 0
2021/11/18-10:22:40.390624 af9c                        Options.use_direct_io_for_flush_and_compaction: 0
2021/11/18-10:22:40.390633 af9c          Options.create_missing_column_families: 1
2021/11/18-10:22:40.390641 af9c                              Options.db_log_dir: 
2021/11/18-10:22:40.390649 af9c                                 Options.wal_dir: D:\Developer\bishe\nacos\data\protocol\raft\naming_persistent_service_v2\log
2021/11/18-10:22:40.390658 af9c                Options.table_cache_numshardbits: 6
2021/11/18-10:22:40.390666 af9c                      Options.max_subcompactions: 1
2021/11/18-10:22:40.390675 af9c                  Options.max_background_flushes: 1
2021/11/18-10:22:40.390683 af9c                         Options.WAL_ttl_seconds: 0
2021/11/18-10:22:40.390691 af9c                       Options.WAL_size_limit_MB: 0
2021/11/18-10:22:40.390700 af9c             Options.manifest_preallocation_size: 4194304
2021/11/18-10:22:40.390708 af9c                     Options.is_fd_close_on_exec: 1
2021/11/18-10:22:40.390716 af9c                   Options.advise_random_on_open: 1
2021/11/18-10:22:40.390725 af9c                    Options.db_write_buffer_size: 0
2021/11/18-10:22:40.390733 af9c                    Options.write_buffer_manager: 0000026796A3B530
2021/11/18-10:22:40.390741 af9c         Options.access_hint_on_compaction_start: 1
2021/11/18-10:22:40.390750 af9c  Options.new_table_reader_for_compaction_inputs: 0
2021/11/18-10:22:40.390758 af9c           Options.random_access_max_buffer_size: 1048576
2021/11/18-10:22:40.390766 af9c                      Options.use_adaptive_mutex: 0
2021/11/18-10:22:40.390775 af9c                            Options.rate_limiter: 0000000000000000
2021/11/18-10:22:40.390783 af9c     Options.sst_file_manager.rate_bytes_per_sec: 0
2021/11/18-10:22:40.390820 af9c                       Options.wal_recovery_mode: 2
2021/11/18-10:22:40.390830 af9c                  Options.enable_thread_tracking: 0
2021/11/18-10:22:40.390838 af9c                  Options.enable_pipelined_write: 0
2021/11/18-10:22:40.390847 af9c         Options.allow_concurrent_memtable_write: 1
2021/11/18-10:22:40.390855 af9c      Options.enable_write_thread_adaptive_yield: 1
2021/11/18-10:22:40.390864 af9c             Options.write_thread_max_yield_usec: 100
2021/11/18-10:22:40.390872 af9c            Options.write_thread_slow_yield_usec: 3
2021/11/18-10:22:40.390880 af9c                               Options.row_cache: None
2021/11/18-10:22:40.390889 af9c                              Options.wal_filter: None
2021/11/18-10:22:40.390897 af9c             Options.avoid_flush_during_recovery: 0
2021/11/18-10:22:40.390906 af9c             Options.allow_ingest_behind: 0
2021/11/18-10:22:40.390914 af9c             Options.preserve_deletes: 0
2021/11/18-10:22:40.390922 af9c             Options.two_write_queues: 0
2021/11/18-10:22:40.390931 af9c             Options.manual_wal_flush: 0
2021/11/18-10:22:40.390939 af9c             Options.max_background_jobs: 2
2021/11/18-10:22:40.390947 af9c             Options.max_background_compactions: 4
2021/11/18-10:22:40.390956 af9c             Options.avoid_flush_during_shutdown: 0
2021/11/18-10:22:40.390964 af9c           Options.writable_file_max_buffer_size: 1048576
2021/11/18-10:22:40.390972 af9c             Options.delayed_write_rate : 16777216
2021/11/18-10:22:40.390981 af9c             Options.max_total_wal_size: 0
2021/11/18-10:22:40.390989 af9c             Options.delete_obsolete_files_period_micros: 21600000000
2021/11/18-10:22:40.390997 af9c                   Options.stats_dump_period_sec: 600
2021/11/18-10:22:40.391006 af9c                          Options.max_open_files: -1
2021/11/18-10:22:40.391014 af9c                          Options.bytes_per_sync: 0
2021/11/18-10:22:40.391022 af9c                      Options.wal_bytes_per_sync: 0
2021/11/18-10:22:40.391031 af9c       Options.compaction_readahead_size: 0
2021/11/18-10:22:40.391039 af9c Compression algorithms supported:
2021/11/18-10:22:40.391048 af9c 	kZSTD supported: 1
2021/11/18-10:22:40.391056 af9c 	kSnappyCompression supported: 1
2021/11/18-10:22:40.391065 af9c 	kBZip2Compression supported: 0
2021/11/18-10:22:40.391073 af9c 	kZlibCompression supported: 1
2021/11/18-10:22:40.391081 af9c 	kLZ4Compression supported: 1
2021/11/18-10:22:40.391090 af9c 	kXpressCompression supported: 0
2021/11/18-10:22:40.391098 af9c 	kLZ4HCCompression supported: 1
2021/11/18-10:22:40.391106 af9c 	kZSTDNotFinalCompression supported: 1
2021/11/18-10:22:40.391120 af9c Fast CRC32 supported: Supported on x86
2021/11/18-10:22:40.392930 af9c [db\version_set.cc:3508] Recovering from manifest file: MANIFEST-000027
2021/11/18-10:22:40.393417 af9c [db\column_family.cc:474] --------------- Options for column family [default]:
2021/11/18-10:22:40.393436 af9c               Options.comparator: leveldb.BytewiseComparator
2021/11/18-10:22:40.393445 af9c           Options.merge_operator: StringAppendOperator
2021/11/18-10:22:40.393454 af9c        Options.compaction_filter: None
2021/11/18-10:22:40.393462 af9c        Options.compaction_filter_factory: None
2021/11/18-10:22:40.393471 af9c         Options.memtable_factory: SkipListFactory
2021/11/18-10:22:40.393479 af9c            Options.table_factory: BlockBasedTable
2021/11/18-10:22:40.393517 af9c            table_factory options:   flush_block_policy_factory: FlushBlockBySizePolicyFactory (00000267FDC9B670)
  cache_index_and_filter_blocks: 0
  cache_index_and_filter_blocks_with_high_priority: 1
  pin_l0_filter_and_index_blocks_in_cache: 1
  pin_top_level_index_and_filter: 1
  index_type: 2
  hash_index_allow_collision: 1
  checksum: 1
  no_block_cache: 0
  block_cache: 000002679452B7E0
  block_cache_name: LRUCache
  block_cache_options:
    capacity : 536870912
    num_shard_bits : 8
    strict_capacity_limit : 0
    memory_allocator : None
    high_pri_pool_ratio: 0.000
  block_cache_compressed: 0000000000000000
  persistent_cache: 0000000000000000
  block_size: 4096
  block_size_deviation: 10
  block_restart_interval: 16
  index_block_restart_interval: 1
  metadata_block_size: 8192
  partition_filters: 1
  use_delta_encoding: 1
  filter_policy: nullptr
  whole_key_filtering: 1
  verify_compression: 0
  read_amp_bytes_per_bit: 0
  format_version: 0
  enable_index_compression: 1
  block_align: 0
2021/11/18-10:22:40.393565 af9c        Options.write_buffer_size: 67108864
2021/11/18-10:22:40.393575 af9c  Options.max_write_buffer_number: 3
2021/11/18-10:22:40.393584 af9c          Options.compression: Snappy
2021/11/18-10:22:40.393592 af9c                  Options.bottommost_compression: Disabled
2021/11/18-10:22:40.393601 af9c       Options.prefix_extractor: rocksdb.FixedPrefix.8
2021/11/18-10:22:40.393609 af9c   Options.memtable_insert_with_hint_prefix_extractor: nullptr
2021/11/18-10:22:40.393618 af9c             Options.num_levels: 7
2021/11/18-10:22:40.393626 af9c        Options.min_write_buffer_number_to_merge: 1
2021/11/18-10:22:40.393634 af9c     Options.max_write_buffer_number_to_maintain: 0
2021/11/18-10:22:40.393642 af9c            Options.bottommost_compression_opts.window_bits: -14
2021/11/18-10:22:40.393651 af9c                  Options.bottommost_compression_opts.level: 32767
2021/11/18-10:22:40.393659 af9c               Options.bottommost_compression_opts.strategy: 0
2021/11/18-10:22:40.393668 af9c         Options.bottommost_compression_opts.max_dict_bytes: 0
2021/11/18-10:22:40.393676 af9c         Options.bottommost_compression_opts.zstd_max_train_bytes: 0
2021/11/18-10:22:40.393684 af9c                  Options.bottommost_compression_opts.enabled: false
2021/11/18-10:22:40.393693 af9c            Options.compression_opts.window_bits: -14
2021/11/18-10:22:40.393701 af9c                  Options.compression_opts.level: 32767
2021/11/18-10:22:40.393710 af9c               Options.compression_opts.strategy: 0
2021/11/18-10:22:40.393718 af9c         Options.compression_opts.max_dict_bytes: 0
2021/11/18-10:22:40.393726 af9c         Options.compression_opts.zstd_max_train_bytes: 0
2021/11/18-10:22:40.393735 af9c                  Options.compression_opts.enabled: false
2021/11/18-10:22:40.393743 af9c      Options.level0_file_num_compaction_trigger: 10
2021/11/18-10:22:40.393751 af9c          Options.level0_slowdown_writes_trigger: 20
2021/11/18-10:22:40.393760 af9c              Options.level0_stop_writes_trigger: 40
2021/11/18-10:22:40.393768 af9c                   Options.target_file_size_base: 67108864
2021/11/18-10:22:40.393776 af9c             Options.target_file_size_multiplier: 1
2021/11/18-10:22:40.393785 af9c                Options.max_bytes_for_level_base: 536870912
2021/11/18-10:22:40.393793 af9c Options.level_compaction_dynamic_level_bytes: 0
2021/11/18-10:22:40.393802 af9c          Options.max_bytes_for_level_multiplier: 10.000000
2021/11/18-10:22:40.393812 af9c Options.max_bytes_for_level_multiplier_addtl[0]: 1
2021/11/18-10:22:40.393821 af9c Options.max_bytes_for_level_multiplier_addtl[1]: 1
2021/11/18-10:22:40.393829 af9c Options.max_bytes_for_level_multiplier_addtl[2]: 1
2021/11/18-10:22:40.393837 af9c Options.max_bytes_for_level_multiplier_addtl[3]: 1
2021/11/18-10:22:40.393846 af9c Options.max_bytes_for_level_multiplier_addtl[4]: 1
2021/11/18-10:22:40.393854 af9c Options.max_bytes_for_level_multiplier_addtl[5]: 1
2021/11/18-10:22:40.393862 af9c Options.max_bytes_for_level_multiplier_addtl[6]: 1
2021/11/18-10:22:40.393871 af9c       Options.max_sequential_skip_in_iterations: 8
2021/11/18-10:22:40.393879 af9c                    Options.max_compaction_bytes: 1677721600
2021/11/18-10:22:40.393887 af9c                        Options.arena_block_size: 8388608
2021/11/18-10:22:40.393896 af9c   Options.soft_pending_compaction_bytes_limit: 68719476736
2021/11/18-10:22:40.393904 af9c   Options.hard_pending_compaction_bytes_limit: 274877906944
2021/11/18-10:22:40.393912 af9c       Options.rate_limit_delay_max_milliseconds: 100
2021/11/18-10:22:40.393921 af9c                Options.disable_auto_compactions: 0
2021/11/18-10:22:40.393931 af9c                        Options.compaction_style: kCompactionStyleLevel
2021/11/18-10:22:40.393940 af9c                          Options.compaction_pri: kByCompensatedSize
2021/11/18-10:22:40.393949 af9c Options.compaction_options_universal.size_ratio: 1
2021/11/18-10:22:40.393957 af9c Options.compaction_options_universal.min_merge_width: 2
2021/11/18-10:22:40.393966 af9c Options.compaction_options_universal.max_merge_width: 4294967295
2021/11/18-10:22:40.393974 af9c Options.compaction_options_universal.max_size_amplification_percent: 200
2021/11/18-10:22:40.393982 af9c Options.compaction_options_universal.compression_size_percent: -1
2021/11/18-10:22:40.393992 af9c Options.compaction_options_universal.stop_style: kCompactionStopStyleTotalSize
2021/11/18-10:22:40.394000 af9c Options.compaction_options_fifo.max_table_files_size: 1073741824
2021/11/18-10:22:40.394008 af9c Options.compaction_options_fifo.allow_compaction: 0
2021/11/18-10:22:40.394017 af9c Options.compaction_options_fifo.ttl: 0
2021/11/18-10:22:40.394025 af9c                   Options.table_properties_collectors: 
2021/11/18-10:22:40.394033 af9c                   Options.inplace_update_support: 0
2021/11/18-10:22:40.394042 af9c                 Options.inplace_update_num_locks: 10000
2021/11/18-10:22:40.394050 af9c               Options.memtable_prefix_bloom_size_ratio: 0.125000
2021/11/18-10:22:40.394059 af9c   Options.memtable_huge_page_size: 0
2021/11/18-10:22:40.394067 af9c                           Options.bloom_locality: 0
2021/11/18-10:22:40.394076 af9c                    Options.max_successive_merges: 0
2021/11/18-10:22:40.394084 af9c                Options.optimize_filters_for_hits: 0
2021/11/18-10:22:40.394093 af9c                Options.paranoid_file_checks: 0
2021/11/18-10:22:40.394101 af9c                Options.force_consistency_checks: 1
2021/11/18-10:22:40.394109 af9c                Options.report_bg_io_stats: 0
2021/11/18-10:22:40.394118 af9c                               Options.ttl: 0
2021/11/18-10:22:40.396862 af9c [db\column_family.cc:474] --------------- Options for column family [Configuration]:
2021/11/18-10:22:40.396895 af9c               Options.comparator: leveldb.BytewiseComparator
2021/11/18-10:22:40.396904 af9c           Options.merge_operator: StringAppendOperator
2021/11/18-10:22:40.396913 af9c        Options.compaction_filter: None
2021/11/18-10:22:40.396922 af9c        Options.compaction_filter_factory: None
2021/11/18-10:22:40.396930 af9c         Options.memtable_factory: SkipListFactory
2021/11/18-10:22:40.396939 af9c            Options.table_factory: BlockBasedTable
2021/11/18-10:22:40.396966 af9c            table_factory options:   flush_block_policy_factory: FlushBlockBySizePolicyFactory (00000267FDC9B670)
  cache_index_and_filter_blocks: 0
  cache_index_and_filter_blocks_with_high_priority: 1
  pin_l0_filter_and_index_blocks_in_cache: 1
  pin_top_level_index_and_filter: 1
  index_type: 2
  hash_index_allow_collision: 1
  checksum: 1
  no_block_cache: 0
  block_cache: 000002679452B7E0
  block_cache_name: LRUCache
  block_cache_options:
    capacity : 536870912
    num_shard_bits : 8
    strict_capacity_limit : 0
    memory_allocator : None
    high_pri_pool_ratio: 0.000
  block_cache_compressed: 0000000000000000
  persistent_cache: 0000000000000000
  block_size: 4096
  block_size_deviation: 10
  block_restart_interval: 16
  index_block_restart_interval: 1
  metadata_block_size: 8192
  partition_filters: 1
  use_delta_encoding: 1
  filter_policy: nullptr
  whole_key_filtering: 1
  verify_compression: 0
  read_amp_bytes_per_bit: 0
  format_version: 0
  enable_index_compression: 1
  block_align: 0
2021/11/18-10:22:40.396976 af9c        Options.write_buffer_size: 67108864
2021/11/18-10:22:40.396984 af9c  Options.max_write_buffer_number: 3
2021/11/18-10:22:40.396993 af9c          Options.compression: Snappy
2021/11/18-10:22:40.397001 af9c                  Options.bottommost_compression: Disabled
2021/11/18-10:22:40.397010 af9c       Options.prefix_extractor: rocksdb.FixedPrefix.8
2021/11/18-10:22:40.397066 af9c   Options.memtable_insert_with_hint_prefix_extractor: nullptr
2021/11/18-10:22:40.397077 af9c             Options.num_levels: 7
2021/11/18-10:22:40.397085 af9c        Options.min_write_buffer_number_to_merge: 1
2021/11/18-10:22:40.397094 af9c     Options.max_write_buffer_number_to_maintain: 0
2021/11/18-10:22:40.397102 af9c            Options.bottommost_compression_opts.window_bits: -14
2021/11/18-10:22:40.397111 af9c                  Options.bottommost_compression_opts.level: 32767
2021/11/18-10:22:40.397119 af9c               Options.bottommost_compression_opts.strategy: 0
2021/11/18-10:22:40.397128 af9c         Options.bottommost_compression_opts.max_dict_bytes: 0
2021/11/18-10:22:40.397136 af9c         Options.bottommost_compression_opts.zstd_max_train_bytes: 0
2021/11/18-10:22:40.397145 af9c                  Options.bottommost_compression_opts.enabled: false
2021/11/18-10:22:40.397153 af9c            Options.compression_opts.window_bits: -14
2021/11/18-10:22:40.397162 af9c                  Options.compression_opts.level: 32767
2021/11/18-10:22:40.397170 af9c               Options.compression_opts.strategy: 0
2021/11/18-10:22:40.397178 af9c         Options.compression_opts.max_dict_bytes: 0
2021/11/18-10:22:40.397187 af9c         Options.compression_opts.zstd_max_train_bytes: 0
2021/11/18-10:22:40.397195 af9c                  Options.compression_opts.enabled: false
2021/11/18-10:22:40.397204 af9c      Options.level0_file_num_compaction_trigger: 10
2021/11/18-10:22:40.397212 af9c          Options.level0_slowdown_writes_trigger: 20
2021/11/18-10:22:40.397220 af9c              Options.level0_stop_writes_trigger: 40
2021/11/18-10:22:40.397229 af9c                   Options.target_file_size_base: 67108864
2021/11/18-10:22:40.397237 af9c             Options.target_file_size_multiplier: 1
2021/11/18-10:22:40.397246 af9c                Options.max_bytes_for_level_base: 536870912
2021/11/18-10:22:40.397254 af9c Options.level_compaction_dynamic_level_bytes: 0
2021/11/18-10:22:40.397263 af9c          Options.max_bytes_for_level_multiplier: 10.000000
2021/11/18-10:22:40.397274 af9c Options.max_bytes_for_level_multiplier_addtl[0]: 1
2021/11/18-10:22:40.397283 af9c Options.max_bytes_for_level_multiplier_addtl[1]: 1
2021/11/18-10:22:40.397291 af9c Options.max_bytes_for_level_multiplier_addtl[2]: 1
2021/11/18-10:22:40.397299 af9c Options.max_bytes_for_level_multiplier_addtl[3]: 1
2021/11/18-10:22:40.397308 af9c Options.max_bytes_for_level_multiplier_addtl[4]: 1
2021/11/18-10:22:40.397316 af9c Options.max_bytes_for_level_multiplier_addtl[5]: 1
2021/11/18-10:22:40.397324 af9c Options.max_bytes_for_level_multiplier_addtl[6]: 1
2021/11/18-10:22:40.397333 af9c       Options.max_sequential_skip_in_iterations: 8
2021/11/18-10:22:40.397341 af9c                    Options.max_compaction_bytes: 1677721600
2021/11/18-10:22:40.397349 af9c                        Options.arena_block_size: 8388608
2021/11/18-10:22:40.397358 af9c   Options.soft_pending_compaction_bytes_limit: 68719476736
2021/11/18-10:22:40.397366 af9c   Options.hard_pending_compaction_bytes_limit: 274877906944
2021/11/18-10:22:40.397374 af9c       Options.rate_limit_delay_max_milliseconds: 100
2021/11/18-10:22:40.397383 af9c                Options.disable_auto_compactions: 0
2021/11/18-10:22:40.397392 af9c                        Options.compaction_style: kCompactionStyleLevel
2021/11/18-10:22:40.397401 af9c                          Options.compaction_pri: kByCompensatedSize
2021/11/18-10:22:40.397409 af9c Options.compaction_options_universal.size_ratio: 1
2021/11/18-10:22:40.397418 af9c Options.compaction_options_universal.min_merge_width: 2
2021/11/18-10:22:40.397426 af9c Options.compaction_options_universal.max_merge_width: 4294967295
2021/11/18-10:22:40.397435 af9c Options.compaction_options_universal.max_size_amplification_percent: 200
2021/11/18-10:22:40.397443 af9c Options.compaction_options_universal.compression_size_percent: -1
2021/11/18-10:22:40.397452 af9c Options.compaction_options_universal.stop_style: kCompactionStopStyleTotalSize
2021/11/18-10:22:40.397462 af9c Options.compaction_options_fifo.max_table_files_size: 1073741824
2021/11/18-10:22:40.397470 af9c Options.compaction_options_fifo.allow_compaction: 0
2021/11/18-10:22:40.397479 af9c Options.compaction_options_fifo.ttl: 0
2021/11/18-10:22:40.397487 af9c                   Options.table_properties_collectors: 
2021/11/18-10:22:40.397496 af9c                   Options.inplace_update_support: 0
2021/11/18-10:22:40.397504 af9c                 Options.inplace_update_num_locks: 10000
2021/11/18-10:22:40.397512 af9c               Options.memtable_prefix_bloom_size_ratio: 0.125000
2021/11/18-10:22:40.397521 af9c   Options.memtable_huge_page_size: 0
2021/11/18-10:22:40.397530 af9c                           Options.bloom_locality: 0
2021/11/18-10:22:40.397538 af9c                    Options.max_successive_merges: 0
2021/11/18-10:22:40.397546 af9c                Options.optimize_filters_for_hits: 0
2021/11/18-10:22:40.397555 af9c                Options.paranoid_file_checks: 0
2021/11/18-10:22:40.397563 af9c                Options.force_consistency_checks: 1
2021/11/18-10:22:40.397571 af9c                Options.report_bg_io_stats: 0
2021/11/18-10:22:40.397579 af9c                               Options.ttl: 0
2021/11/18-10:22:40.409159 af9c [db\version_set.cc:3724] Recovered from manifest file:D:\Developer\bishe\nacos\data\protocol\raft\naming_persistent_service_v2\log/MANIFEST-000027 succeeded,manifest_file_number is 27, next_file_number is 30, last_sequence is 701, log_number is 0,prev_log_number is 0,max_column_family is 1,min_log_number_to_keep is 0
2021/11/18-10:22:40.409195 af9c [db\version_set.cc:3732] Column family [default] (ID 0), log number is 26
2021/11/18-10:22:40.409205 af9c [db\version_set.cc:3732] Column family [Configuration] (ID 1), log number is 26
2021/11/18-10:22:40.410605 af9c EVENT_LOG_v1 {"time_micros": 1637202160410262, "job": 1, "event": "recovery_started", "log_files": [29]}
2021/11/18-10:22:40.410633 af9c [db\db_impl_open.cc:578] Recovering log #29 mode 2
2021/11/18-10:22:40.415628 af9c EVENT_LOG_v1 {"time_micros": 1637202160415609, "cf_name": "default", "job": 1, "event": "table_file_creation", "file_number": 30, "file_size": 747, "table_properties": {"data_size": 0, "index_size": 13, "filter_size": 0, "raw_key_size": 32, "raw_average_key_size": 0, "raw_value_size": 16, "raw_average_value_size": 0, "num_data_blocks": 0, "num_entries": 0, "filter_policy_name": ""}}
2021/11/18-10:22:40.418511 af9c [db\version_set.cc:3037] Creating manifest 31
2021/11/18-10:22:40.428411 af9c EVENT_LOG_v1 {"time_micros": 1637202160428393, "cf_name": "Configuration", "job": 1, "event": "table_file_creation", "file_number": 32, "file_size": 877, "table_properties": {"data_size": 44, "index_size": 49, "filter_size": 0, "raw_key_size": 58, "raw_average_key_size": 58, "raw_value_size": 24, "raw_average_value_size": 24, "num_data_blocks": 1, "num_entries": 1, "filter_policy_name": ""}}
2021/11/18-10:22:40.432482 af9c EVENT_LOG_v1 {"time_micros": 1637202160432473, "job": 1, "event": "recovery_finished"}
2021/11/18-10:22:40.443153 af9c [db\db_impl_open.cc:1314] DB pointer 000002679642CB80
2021/11/18-10:22:40.444073 1974c [WARN] [db\db_impl.cc:669] ------- DUMPING STATS -------
2021/11/18-10:22:40.444114 1974c [WARN] [db\db_impl.cc:670] 
** DB Stats **
Uptime(secs): 0.1 total, 0.1 interval
Cumulative writes: 0 writes, 0 keys, 0 commit groups, 0.0 writes per commit group, ingest: 0.00 GB, 0.00 MB/s
Cumulative WAL: 0 writes, 0 syncs, 0.00 writes per sync, written: 0.00 GB, 0.00 MB/s
Cumulative stall: 00:00:0.000 H:M:S, 0.0 percent
Interval writes: 0 writes, 0 keys, 0 commit groups, 0.0 writes per commit group, ingest: 0.00 MB, 0.00 MB/s
Interval WAL: 0 writes, 0 syncs, 0.00 writes per sync, written: 0.00 MB, 0.00 MB/s
Interval stall: 00:00:0.000 H:M:S, 0.0 percent

** Compaction Stats [default] **
Level    Files   Size     Score Read(GB)  Rn(GB) Rnp1(GB) Write(GB) Wnew(GB) Moved(GB) W-Amp Rd(MB/s) Wr(MB/s) Comp(sec) Comp(cnt) Avg(sec) KeyIn KeyDrop
----------------------------------------------------------------------------------------------------------------------------------------------------------
  L0      7/0    5.08 KB   0.7      0.0     0.0      0.0       0.0      0.0       0.0   1.0      0.0      0.2         0         1    0.004       0      0
 Sum      7/0    5.08 KB   0.0      0.0     0.0      0.0       0.0      0.0       0.0   1.0      0.0      0.2         0         1    0.004       0      0
 Int      0/0    0.00 KB   0.0      0.0     0.0      0.0       0.0      0.0       0.0   1.0      0.0      0.2         0         1    0.004       0      0
Uptime(secs): 0.1 total, 0.1 interval
Flush(GB): cumulative 0.000, interval 0.000
AddFile(GB): cumulative 0.000, interval 0.000
AddFile(Total Files): cumulative 0, interval 0
AddFile(L0 Files): cumulative 0, interval 0
AddFile(Keys): cumulative 0, interval 0
Cumulative compaction: 0.00 GB write, 0.01 MB/s write, 0.00 GB read, 0.00 MB/s read, 0.0 seconds
Interval compaction: 0.00 GB write, 0.01 MB/s write, 0.00 GB read, 0.00 MB/s read, 0.0 seconds
Stalls(count): 0 level0_slowdown, 0 level0_slowdown_with_compaction, 0 level0_numfiles, 0 level0_numfiles_with_compaction, 0 stop for pending_compaction_bytes, 0 slowdown for pending_compaction_bytes, 0 memtable_compaction, 0 memtable_slowdown, interval 0 total count

** File Read Latency Histogram By Level [default] **
** Level 0 read latency histogram (micros):
Count: 33 Average: 375.9394  StdDev: 573.35
Min: 2  Median: 28.0000  Max: 2228
Percentiles: P50: 28.00 P75: 430.00 P99: 1702.00 P99.9: 1880.20 P99.99: 1898.02
------------------------------------------------------
(       1,       2 ]        7  21.212%  21.212% ####
(       2,       3 ]        1   3.030%  24.242% #
(       3,       4 ]        4  12.121%  36.364% ##
(       4,       6 ]        2   6.061%  42.424% #
(       6,      10 ]        1   3.030%  45.455% #
(      10,      15 ]        1   3.030%  48.485% #
(      22,      34 ]        1   3.030%  51.515% #
(     250,     380 ]        6  18.182%  69.697% ####
(     380,     580 ]        7  21.212%  90.909% ####
(     580,     870 ]        1   3.030%  93.939% #
(     870,    1300 ]        1   3.030%  96.970% #
(    1300,    1900 ]        1   3.030% 100.000% #
(    1900,    2900 ]        2   6.061% 106.061% #


** Compaction Stats [Configuration] **
Level    Files   Size     Score Read(GB)  Rn(GB) Rnp1(GB) Write(GB) Wnew(GB) Moved(GB) W-Amp Rd(MB/s) Wr(MB/s) Comp(sec) Comp(cnt) Avg(sec) KeyIn KeyDrop
----------------------------------------------------------------------------------------------------------------------------------------------------------
  L0      7/0    5.96 KB   0.7      0.0     0.0      0.0       0.0      0.0       0.0   1.0      0.0      0.3         0         1    0.003       0      0
 Sum      7/0    5.96 KB   0.0      0.0     0.0      0.0       0.0      0.0       0.0   1.0      0.0      0.3         0         1    0.003       0      0
 Int      0/0    0.00 KB   0.0      0.0     0.0      0.0       0.0      0.0       0.0   1.0      0.0      0.3         0         1    0.003       0      0
Uptime(secs): 0.0 total, 0.0 interval
Flush(GB): cumulative 0.000, interval 0.000
AddFile(GB): cumulative 0.000, interval 0.000
AddFile(Total Files): cumulative 0, interval 0
AddFile(L0 Files): cumulative 0, interval 0
AddFile(Keys): cumulative 0, interval 0
Cumulative compaction: 0.00 GB write, 0.02 MB/s write, 0.00 GB read, 0.00 MB/s read, 0.0 seconds
Interval compaction: 0.00 GB write, 0.02 MB/s write, 0.00 GB read, 0.00 MB/s read, 0.0 seconds
Stalls(count): 0 level0_slowdown, 0 level0_slowdown_with_compaction, 0 level0_numfiles, 0 level0_numfiles_with_compaction, 0 stop for pending_compaction_bytes, 0 slowdown for pending_compaction_bytes, 0 memtable_compaction, 0 memtable_slowdown, interval 0 total count

** File Read Latency Histogram By Level [Configuration] **
** Level 0 read latency histogram (micros):
Count: 42 Average: 221.5000  StdDev: 537.91
Min: 1  Median: 2.7273  Max: 2310
Percentiles: P50: 2.73 P75: 55.17 P99: 2310.00 P99.9: 2310.00 P99.99: 2310.00
------------------------------------------------------
[       0,       1 ]        2   4.762%   4.762% #
(       1,       2 ]       11  26.190%  30.952% #####
(       2,       3 ]       11  26.190%  57.143% #####
(       3,       4 ]        3   7.143%  64.286% #
(       4,       6 ]        1   2.381%  66.667% 
(       6,      10 ]        1   2.381%  69.048% 
(      10,      15 ]        1   2.381%  71.429% 
(      15,      22 ]        1   2.381%  73.810% 
(      51,      76 ]        3   7.143%  80.952% #
(     250,     380 ]        2   4.762%  85.714% #
(     380,     580 ]        1   2.381%  88.095% 
(     870,    1300 ]        2   4.762%  92.857% #
(    1300,    1900 ]        1   2.381%  95.238% 
(    1900,    2900 ]        2   4.762% 100.000% #


** Compaction Stats [default] **
Level    Files   Size     Score Read(GB)  Rn(GB) Rnp1(GB) Write(GB) Wnew(GB) Moved(GB) W-Amp Rd(MB/s) Wr(MB/s) Comp(sec) Comp(cnt) Avg(sec) KeyIn KeyDrop
----------------------------------------------------------------------------------------------------------------------------------------------------------
  L0      7/0    5.08 KB   0.7      0.0     0.0      0.0       0.0      0.0       0.0   1.0      0.0      0.2         0         1    0.004       0      0
 Sum      7/0    5.08 KB   0.0      0.0     0.0      0.0       0.0      0.0       0.0   1.0      0.0      0.2         0         1    0.004       0      0
 Int      0/0    0.00 KB   0.0      0.0     0.0      0.0       0.0      0.0       0.0   0.0      0.0      0.0         0         0    0.000       0      0
Uptime(secs): 0.1 total, 0.0 interval
Flush(GB): cumulative 0.000, interval 0.000
AddFile(GB): cumulative 0.000, interval 0.000
AddFile(Total Files): cumulative 0, interval 0
AddFile(L0 Files): cumulative 0, interval 0
AddFile(Keys): cumulative 0, interval 0
Cumulative compaction: 0.00 GB write, 0.01 MB/s write, 0.00 GB read, 0.00 MB/s read, 0.0 seconds
Interval compaction: 0.00 GB write, 0.00 MB/s write, 0.00 GB read, 0.00 MB/s read, 0.0 seconds
Stalls(count): 0 level0_slowdown, 0 level0_slowdown_with_compaction, 0 level0_numfiles, 0 level0_numfiles_with_compaction, 0 stop for pending_compaction_bytes, 0 slowdown for pending_compaction_bytes, 0 memtable_compaction, 0 memtable_slowdown, interval 0 total count

** File Read Latency Histogram By Level [default] **
** Level 0 read latency histogram (micros):
Count: 33 Average: 375.9394  StdDev: 573.35
Min: 2  Median: 28.0000  Max: 2228
Percentiles: P50: 28.00 P75: 430.00 P99: 1702.00 P99.9: 1880.20 P99.99: 1898.02
------------------------------------------------------
(       1,       2 ]        7  21.212%  21.212% ####
(       2,       3 ]        1   3.030%  24.242% #
(       3,       4 ]        4  12.121%  36.364% ##
(       4,       6 ]        2   6.061%  42.424% #
(       6,      10 ]        1   3.030%  45.455% #
(      10,      15 ]        1   3.030%  48.485% #
(      22,      34 ]        1   3.030%  51.515% #
(     250,     380 ]        6  18.182%  69.697% ####
(     380,     580 ]        7  21.212%  90.909% ####
(     580,     870 ]        1   3.030%  93.939% #
(     870,    1300 ]        1   3.030%  96.970% #
(    1300,    1900 ]        1   3.030% 100.000% #
(    1900,    2900 ]        2   6.061% 106.061% #


** Compaction Stats [Configuration] **
Level    Files   Size     Score Read(GB)  Rn(GB) Rnp1(GB) Write(GB) Wnew(GB) Moved(GB) W-Amp Rd(MB/s) Wr(MB/s) Comp(sec) Comp(cnt) Avg(sec) KeyIn KeyDrop
----------------------------------------------------------------------------------------------------------------------------------------------------------
  L0      7/0    5.96 KB   0.7      0.0     0.0      0.0       0.0      0.0       0.0   1.0      0.0      0.3         0         1    0.003       0      0
 Sum      7/0    5.96 KB   0.0      0.0     0.0      0.0       0.0      0.0       0.0   1.0      0.0      0.3         0         1    0.003       0      0
 Int      0/0    0.00 KB   0.0      0.0     0.0      0.0       0.0      0.0       0.0   0.0      0.0      0.0         0         0    0.000       0      0
Uptime(secs): 0.0 total, 0.0 interval
Flush(GB): cumulative 0.000, interval 0.000
AddFile(GB): cumulative 0.000, interval 0.000
AddFile(Total Files): cumulative 0, interval 0
AddFile(L0 Files): cumulative 0, interval 0
AddFile(Keys): cumulative 0, interval 0
Cumulative compaction: 0.00 GB write, 0.02 MB/s write, 0.00 GB read, 0.00 MB/s read, 0.0 seconds
Interval compaction: 0.00 GB write, 0.00 MB/s write, 0.00 GB read, 0.00 MB/s read, 0.0 seconds
Stalls(count): 0 level0_slowdown, 0 level0_slowdown_with_compaction, 0 level0_numfiles, 0 level0_numfiles_with_compaction, 0 stop for pending_compaction_bytes, 0 slowdown for pending_compaction_bytes, 0 memtable_compaction, 0 memtable_slowdown, interval 0 total count

** File Read Latency Histogram By Level [Configuration] **
** Level 0 read latency histogram (micros):
Count: 42 Average: 221.5000  StdDev: 537.91
Min: 1  Median: 2.7273  Max: 2310
Percentiles: P50: 2.73 P75: 55.17 P99: 2310.00 P99.9: 2310.00 P99.99: 2310.00
------------------------------------------------------
[       0,       1 ]        2   4.762%   4.762% #
(       1,       2 ]       11  26.190%  30.952% #####
(       2,       3 ]       11  26.190%  57.143% #####
(       3,       4 ]        3   7.143%  64.286% #
(       4,       6 ]        1   2.381%  66.667% 
(       6,      10 ]        1   2.381%  69.048% 
(      10,      15 ]        1   2.381%  71.429% 
(      15,      22 ]        1   2.381%  73.810% 
(      51,      76 ]        3   7.143%  80.952% #
(     250,     380 ]        2   4.762%  85.714% #
(     380,     580 ]        1   2.381%  88.095% 
(     870,    1300 ]        2   4.762%  92.857% #
(    1300,    1900 ]        1   2.381%  95.238% 
(    1900,    2900 ]        2   4.762% 100.000% #

2021/11/18-10:22:40.445234 1974c [WARN] [db\db_impl.cc:617] STATISTICS:
 rocksdb.block.cache.miss COUNT : 21
rocksdb.block.cache.hit COUNT : 0
rocksdb.block.cache.add COUNT : 21
rocksdb.block.cache.add.failures COUNT : 0
rocksdb.block.cache.index.miss COUNT : 7
rocksdb.block.cache.index.hit COUNT : 0
rocksdb.block.cache.index.add COUNT : 7
rocksdb.block.cache.index.bytes.insert COUNT : 714
rocksdb.block.cache.index.bytes.evict COUNT : 0
rocksdb.block.cache.filter.miss COUNT : 0
rocksdb.block.cache.filter.hit COUNT : 0
rocksdb.block.cache.filter.add COUNT : 0
rocksdb.block.cache.filter.bytes.insert COUNT : 0
rocksdb.block.cache.filter.bytes.evict COUNT : 0
rocksdb.block.cache.data.miss COUNT : 14
rocksdb.block.cache.data.hit COUNT : 0
rocksdb.block.cache.data.add COUNT : 14
rocksdb.block.cache.data.bytes.insert COUNT : 1982
rocksdb.block.cache.bytes.read COUNT : 0
rocksdb.block.cache.bytes.write COUNT : 2696
rocksdb.bloom.filter.useful COUNT : 0
rocksdb.bloom.filter.full.positive COUNT : 0
rocksdb.bloom.filter.full.true.positive COUNT : 0
rocksdb.persistent.cache.hit COUNT : 0
rocksdb.persistent.cache.miss COUNT : 0
rocksdb.sim.block.cache.hit COUNT : 0
rocksdb.sim.block.cache.miss COUNT : 0
rocksdb.memtable.hit COUNT : 0
rocksdb.memtable.miss COUNT : 0
rocksdb.l0.hit COUNT : 0
rocksdb.l1.hit COUNT : 0
rocksdb.l2andup.hit COUNT : 0
rocksdb.compaction.key.drop.new COUNT : 0
rocksdb.compaction.key.drop.obsolete COUNT : 0
rocksdb.compaction.key.drop.range_del COUNT : 0
rocksdb.compaction.key.drop.user COUNT : 0
rocksdb.compaction.range_del.drop.obsolete COUNT : 0
rocksdb.compaction.optimized.del.drop.obsolete COUNT : 0
rocksdb.compaction.cancelled COUNT : 0
rocksdb.number.keys.written COUNT : 0
rocksdb.number.keys.read COUNT : 0
rocksdb.number.keys.updated COUNT : 0
rocksdb.bytes.written COUNT : 0
rocksdb.bytes.read COUNT : 0
rocksdb.number.db.seek COUNT : 0
rocksdb.number.db.next COUNT : 0
rocksdb.number.db.prev COUNT : 0
rocksdb.number.db.seek.found COUNT : 0
rocksdb.number.db.next.found COUNT : 0
rocksdb.number.db.prev.found COUNT : 0
rocksdb.db.iter.bytes.read COUNT : 0
rocksdb.no.file.closes COUNT : 0
rocksdb.no.file.opens COUNT : 14
rocksdb.no.file.errors COUNT : 0
rocksdb.l0.slowdown.micros COUNT : 0
rocksdb.memtable.compaction.micros COUNT : 0
rocksdb.l0.num.files.stall.micros COUNT : 0
rocksdb.stall.micros COUNT : 0
rocksdb.db.mutex.wait.micros COUNT : 0
rocksdb.rate.limit.delay.millis COUNT : 0
rocksdb.num.iterators COUNT : 0
rocksdb.number.multiget.get COUNT : 0
rocksdb.number.multiget.keys.read COUNT : 0
rocksdb.number.multiget.bytes.read COUNT : 0
rocksdb.number.deletes.filtered COUNT : 0
rocksdb.number.merge.failures COUNT : 0
rocksdb.bloom.filter.prefix.checked COUNT : 0
rocksdb.bloom.filter.prefix.useful COUNT : 0
rocksdb.number.reseeks.iteration COUNT : 0
rocksdb.getupdatessince.calls COUNT : 0
rocksdb.block.cachecompressed.miss COUNT : 0
rocksdb.block.cachecompressed.hit COUNT : 0
rocksdb.block.cachecompressed.add COUNT : 0
rocksdb.block.cachecompressed.add.failures COUNT : 0
rocksdb.wal.synced COUNT : 0
rocksdb.wal.bytes COUNT : 0
rocksdb.write.self COUNT : 0
rocksdb.write.other COUNT : 0
rocksdb.write.timeout COUNT : 0
rocksdb.write.wal COUNT : 0
rocksdb.compact.read.bytes COUNT : 0
rocksdb.compact.write.bytes COUNT : 1624
rocksdb.flush.write.bytes COUNT : 0
rocksdb.number.direct.load.table.properties COUNT : 0
rocksdb.number.superversion_acquires COUNT : 1
rocksdb.number.superversion_releases COUNT : 0
rocksdb.number.superversion_cleanups COUNT : 0
rocksdb.number.block.compressed COUNT : 1
rocksdb.number.block.decompressed COUNT : 0
rocksdb.number.block.not_compressed COUNT : 0
rocksdb.merge.operation.time.nanos COUNT : 0
rocksdb.filter.operation.time.nanos COUNT : 0
rocksdb.row.cache.hit COUNT : 0
rocksdb.row.cache.miss COUNT : 0
rocksdb.read.amp.estimate.useful.bytes COUNT : 0
rocksdb.read.amp.total.read.bytes COUNT : 0
rocksdb.number.rate_limiter.drains COUNT : 0
rocksdb.number.iter.skip COUNT : 0
rocksdb.blobdb.num.put COUNT : 0
rocksdb.blobdb.num.write COUNT : 0
rocksdb.blobdb.num.get COUNT : 0
rocksdb.blobdb.num.multiget COUNT : 0
rocksdb.blobdb.num.seek COUNT : 0
rocksdb.blobdb.num.next COUNT : 0
rocksdb.blobdb.num.prev COUNT : 0
rocksdb.blobdb.num.keys.written COUNT : 0
rocksdb.blobdb.num.keys.read COUNT : 0
rocksdb.blobdb.bytes.written COUNT : 0
rocksdb.blobdb.bytes.read COUNT : 0
rocksdb.blobdb.write.inlined COUNT : 0
rocksdb.blobdb.write.inlined.ttl COUNT : 0
rocksdb.blobdb.write.blob COUNT : 0
rocksdb.blobdb.write.blob.ttl COUNT : 0
rocksdb.blobdb.blob.file.bytes.written COUNT : 0
rocksdb.blobdb.blob.file.bytes.read COUNT : 0
rocksdb.blobdb.blob.file.synced COUNT : 0
rocksdb.blobdb.blob.index.expired.count COUNT : 0
rocksdb.blobdb.blob.index.expired.size COUNT : 0
rocksdb.blobdb.blob.index.evicted.count COUNT : 0
rocksdb.blobdb.blob.index.evicted.size COUNT : 0
rocksdb.blobdb.gc.num.files COUNT : 0
rocksdb.blobdb.gc.num.new.files COUNT : 0
rocksdb.blobdb.gc.failures COUNT : 0
rocksdb.blobdb.gc.num.keys.overwritten COUNT : 0
rocksdb.blobdb.gc.num.keys.expired COUNT : 0
rocksdb.blobdb.gc.num.keys.relocated COUNT : 0
rocksdb.blobdb.gc.bytes.overwritten COUNT : 0
rocksdb.blobdb.gc.bytes.expired COUNT : 0
rocksdb.blobdb.gc.bytes.relocated COUNT : 0
rocksdb.blobdb.fifo.num.files.evicted COUNT : 0
rocksdb.blobdb.fifo.num.keys.evicted COUNT : 0
rocksdb.blobdb.fifo.bytes.evicted COUNT : 0
rocksdb.txn.overhead.mutex.prepare COUNT : 0
rocksdb.txn.overhead.mutex.old.commit.map COUNT : 0
