2021/11/26-09:44:09.695973 3cd0 RocksDB version: 5.18.4
2021/11/26-09:44:09.696088 3cd0 Git sha rocksdb_build_git_sha:@b9a4a10659969c71e6f6eab4e4bae8c36ede919f@
2021/11/26-09:44:09.696114 3cd0 Compile date Mar 11 2020
2021/11/26-09:44:09.696142 3cd0 DB SUMMARY
2021/11/26-09:44:09.696398 3cd0 CURRENT file:  CURRENT
2021/11/26-09:44:09.696422 3cd0 IDENTITY file:  IDENTITY
2021/11/26-09:44:09.696456 3cd0 MANIFEST file:  MANIFEST-000068 size: 691 Bytes
2021/11/26-09:44:09.696477 3cd0 SST files in D:\Developer\bishe\nacos\data\protocol\raft\naming_persistent_service_v2\log dir, Total Num: 11, files: 000049.sst 000051.sst 000053.sst 000055.sst 000057.sst 000059.sst 000061.sst 000063.sst 000065.sst 
2021/11/26-09:44:09.696497 3cd0 Write Ahead Log file in D:\Developer\bishe\nacos\data\protocol\raft\naming_persistent_service_v2\log: 000070.log size: 3841 ; 
2021/11/26-09:44:09.696619 3cd0                         Options.error_if_exists: 0
2021/11/26-09:44:09.696640 3cd0                       Options.create_if_missing: 1
2021/11/26-09:44:09.696649 3cd0                         Options.paranoid_checks: 1
2021/11/26-09:44:09.696657 3cd0                                     Options.env: 00000231ECC59040
2021/11/26-09:44:09.696665 3cd0                                Options.info_log: 00000231F0D7FF90
2021/11/26-09:44:09.696674 3cd0                Options.max_file_opening_threads: 16
2021/11/26-09:44:09.696682 3cd0                              Options.statistics: 00000231ED783220
2021/11/26-09:44:09.696691 3cd0                               Options.use_fsync: 0
2021/11/26-09:44:09.696699 3cd0                       Options.max_log_file_size: 0
2021/11/26-09:44:09.696708 3cd0                  Options.max_manifest_file_size: 1073741824
2021/11/26-09:44:09.696716 3cd0                   Options.log_file_time_to_roll: 0
2021/11/26-09:44:09.696725 3cd0                       Options.keep_log_file_num: 1000
2021/11/26-09:44:09.696733 3cd0                    Options.recycle_log_file_num: 0
2021/11/26-09:44:09.696742 3cd0                         Options.allow_fallocate: 1
2021/11/26-09:44:09.696750 3cd0                        Options.allow_mmap_reads: 0
2021/11/26-09:44:09.696758 3cd0                       Options.allow_mmap_writes: 0
2021/11/26-09:44:09.696766 3cd0                        Options.use_direct_reads: 0
2021/11/26-09:44:09.696775 3cd0                        Options.use_direct_io_for_flush_and_compaction: 0
2021/11/26-09:44:09.696783 3cd0          Options.create_missing_column_families: 1
2021/11/26-09:44:09.696791 3cd0                              Options.db_log_dir: 
2021/11/26-09:44:09.696800 3cd0                                 Options.wal_dir: D:\Developer\bishe\nacos\data\protocol\raft\naming_persistent_service_v2\log
2021/11/26-09:44:09.696808 3cd0                Options.table_cache_numshardbits: 6
2021/11/26-09:44:09.696817 3cd0                      Options.max_subcompactions: 1
2021/11/26-09:44:09.696825 3cd0                  Options.max_background_flushes: 1
2021/11/26-09:44:09.696833 3cd0                         Options.WAL_ttl_seconds: 0
2021/11/26-09:44:09.696842 3cd0                       Options.WAL_size_limit_MB: 0
2021/11/26-09:44:09.696850 3cd0             Options.manifest_preallocation_size: 4194304
2021/11/26-09:44:09.696859 3cd0                     Options.is_fd_close_on_exec: 1
2021/11/26-09:44:09.696867 3cd0                   Options.advise_random_on_open: 1
2021/11/26-09:44:09.696875 3cd0                    Options.db_write_buffer_size: 0
2021/11/26-09:44:09.696884 3cd0                    Options.write_buffer_manager: 00000231F1A8E500
2021/11/26-09:44:09.696892 3cd0         Options.access_hint_on_compaction_start: 1
2021/11/26-09:44:09.696900 3cd0  Options.new_table_reader_for_compaction_inputs: 0
2021/11/26-09:44:09.696909 3cd0           Options.random_access_max_buffer_size: 1048576
2021/11/26-09:44:09.696917 3cd0                      Options.use_adaptive_mutex: 0
2021/11/26-09:44:09.696926 3cd0                            Options.rate_limiter: 0000000000000000
2021/11/26-09:44:09.696934 3cd0     Options.sst_file_manager.rate_bytes_per_sec: 0
2021/11/26-09:44:09.696971 3cd0                       Options.wal_recovery_mode: 2
2021/11/26-09:44:09.696981 3cd0                  Options.enable_thread_tracking: 0
2021/11/26-09:44:09.696989 3cd0                  Options.enable_pipelined_write: 0
2021/11/26-09:44:09.696998 3cd0         Options.allow_concurrent_memtable_write: 1
2021/11/26-09:44:09.697006 3cd0      Options.enable_write_thread_adaptive_yield: 1
2021/11/26-09:44:09.697014 3cd0             Options.write_thread_max_yield_usec: 100
2021/11/26-09:44:09.697023 3cd0            Options.write_thread_slow_yield_usec: 3
2021/11/26-09:44:09.697031 3cd0                               Options.row_cache: None
2021/11/26-09:44:09.697040 3cd0                              Options.wal_filter: None
2021/11/26-09:44:09.697050 3cd0             Options.avoid_flush_during_recovery: 0
2021/11/26-09:44:09.697059 3cd0             Options.allow_ingest_behind: 0
2021/11/26-09:44:09.697068 3cd0             Options.preserve_deletes: 0
2021/11/26-09:44:09.697076 3cd0             Options.two_write_queues: 0
2021/11/26-09:44:09.697085 3cd0             Options.manual_wal_flush: 0
2021/11/26-09:44:09.697093 3cd0             Options.max_background_jobs: 2
2021/11/26-09:44:09.697101 3cd0             Options.max_background_compactions: 4
2021/11/26-09:44:09.697110 3cd0             Options.avoid_flush_during_shutdown: 0
2021/11/26-09:44:09.697119 3cd0           Options.writable_file_max_buffer_size: 1048576
2021/11/26-09:44:09.697128 3cd0             Options.delayed_write_rate : 16777216
2021/11/26-09:44:09.697136 3cd0             Options.max_total_wal_size: 0
2021/11/26-09:44:09.697144 3cd0             Options.delete_obsolete_files_period_micros: 21600000000
2021/11/26-09:44:09.697153 3cd0                   Options.stats_dump_period_sec: 600
2021/11/26-09:44:09.697161 3cd0                          Options.max_open_files: -1
2021/11/26-09:44:09.697169 3cd0                          Options.bytes_per_sync: 0
2021/11/26-09:44:09.697178 3cd0                      Options.wal_bytes_per_sync: 0
2021/11/26-09:44:09.697186 3cd0       Options.compaction_readahead_size: 0
2021/11/26-09:44:09.697194 3cd0 Compression algorithms supported:
2021/11/26-09:44:09.697203 3cd0 	kZSTD supported: 1
2021/11/26-09:44:09.697211 3cd0 	kSnappyCompression supported: 1
2021/11/26-09:44:09.697220 3cd0 	kBZip2Compression supported: 0
2021/11/26-09:44:09.697228 3cd0 	kZlibCompression supported: 1
2021/11/26-09:44:09.697236 3cd0 	kLZ4Compression supported: 1
2021/11/26-09:44:09.697245 3cd0 	kXpressCompression supported: 0
2021/11/26-09:44:09.697253 3cd0 	kLZ4HCCompression supported: 1
2021/11/26-09:44:09.697261 3cd0 	kZSTDNotFinalCompression supported: 1
2021/11/26-09:44:09.697275 3cd0 Fast CRC32 supported: Supported on x86
2021/11/26-09:44:09.698361 3cd0 [db\version_set.cc:3508] Recovering from manifest file: MANIFEST-000068
2021/11/26-09:44:09.698607 3cd0 [db\column_family.cc:474] --------------- Options for column family [default]:
2021/11/26-09:44:09.698626 3cd0               Options.comparator: leveldb.BytewiseComparator
2021/11/26-09:44:09.698635 3cd0           Options.merge_operator: StringAppendOperator
2021/11/26-09:44:09.698644 3cd0        Options.compaction_filter: None
2021/11/26-09:44:09.698652 3cd0        Options.compaction_filter_factory: None
2021/11/26-09:44:09.698661 3cd0         Options.memtable_factory: SkipListFactory
2021/11/26-09:44:09.698669 3cd0            Options.table_factory: BlockBasedTable
2021/11/26-09:44:09.698704 3cd0            table_factory options:   flush_block_policy_factory: FlushBlockBySizePolicyFactory (00000231EF1AB620)
  cache_index_and_filter_blocks: 0
  cache_index_and_filter_blocks_with_high_priority: 1
  pin_l0_filter_and_index_blocks_in_cache: 1
  pin_top_level_index_and_filter: 1
  index_type: 2
  hash_index_allow_collision: 1
  checksum: 1
  no_block_cache: 0
  block_cache: 00000231F257FB90
  block_cache_name: LRUCache
  block_cache_options:
    capacity : 536870912
    num_shard_bits : 8
    strict_capacity_limit : 0
    memory_allocator : None
    high_pri_pool_ratio: 0.000
  block_cache_compressed: 0000000000000000
  persistent_cache: 0000000000000000
  block_size: 4096
  block_size_deviation: 10
  block_restart_interval: 16
  index_block_restart_interval: 1
  metadata_block_size: 8192
  partition_filters: 1
  use_delta_encoding: 1
  filter_policy: nullptr
  whole_key_filtering: 1
  verify_compression: 0
  read_amp_bytes_per_bit: 0
  format_version: 0
  enable_index_compression: 1
  block_align: 0
2021/11/26-09:44:09.698750 3cd0        Options.write_buffer_size: 67108864
2021/11/26-09:44:09.698760 3cd0  Options.max_write_buffer_number: 3
2021/11/26-09:44:09.698769 3cd0          Options.compression: Snappy
2021/11/26-09:44:09.698777 3cd0                  Options.bottommost_compression: Disabled
2021/11/26-09:44:09.698786 3cd0       Options.prefix_extractor: rocksdb.FixedPrefix.8
2021/11/26-09:44:09.698794 3cd0   Options.memtable_insert_with_hint_prefix_extractor: nullptr
2021/11/26-09:44:09.698803 3cd0             Options.num_levels: 7
2021/11/26-09:44:09.698811 3cd0        Options.min_write_buffer_number_to_merge: 1
2021/11/26-09:44:09.698819 3cd0     Options.max_write_buffer_number_to_maintain: 0
2021/11/26-09:44:09.698828 3cd0            Options.bottommost_compression_opts.window_bits: -14
2021/11/26-09:44:09.698836 3cd0                  Options.bottommost_compression_opts.level: 32767
2021/11/26-09:44:09.698844 3cd0               Options.bottommost_compression_opts.strategy: 0
2021/11/26-09:44:09.698853 3cd0         Options.bottommost_compression_opts.max_dict_bytes: 0
2021/11/26-09:44:09.698861 3cd0         Options.bottommost_compression_opts.zstd_max_train_bytes: 0
2021/11/26-09:44:09.698870 3cd0                  Options.bottommost_compression_opts.enabled: false
2021/11/26-09:44:09.698878 3cd0            Options.compression_opts.window_bits: -14
2021/11/26-09:44:09.698886 3cd0                  Options.compression_opts.level: 32767
2021/11/26-09:44:09.698895 3cd0               Options.compression_opts.strategy: 0
2021/11/26-09:44:09.698903 3cd0         Options.compression_opts.max_dict_bytes: 0
2021/11/26-09:44:09.698911 3cd0         Options.compression_opts.zstd_max_train_bytes: 0
2021/11/26-09:44:09.698920 3cd0                  Options.compression_opts.enabled: false
2021/11/26-09:44:09.698928 3cd0      Options.level0_file_num_compaction_trigger: 10
2021/11/26-09:44:09.698936 3cd0          Options.level0_slowdown_writes_trigger: 20
2021/11/26-09:44:09.698945 3cd0              Options.level0_stop_writes_trigger: 40
2021/11/26-09:44:09.698953 3cd0                   Options.target_file_size_base: 67108864
2021/11/26-09:44:09.698962 3cd0             Options.target_file_size_multiplier: 1
2021/11/26-09:44:09.698970 3cd0                Options.max_bytes_for_level_base: 536870912
2021/11/26-09:44:09.698978 3cd0 Options.level_compaction_dynamic_level_bytes: 0
2021/11/26-09:44:09.698987 3cd0          Options.max_bytes_for_level_multiplier: 10.000000
2021/11/26-09:44:09.698996 3cd0 Options.max_bytes_for_level_multiplier_addtl[0]: 1
2021/11/26-09:44:09.699004 3cd0 Options.max_bytes_for_level_multiplier_addtl[1]: 1
2021/11/26-09:44:09.699013 3cd0 Options.max_bytes_for_level_multiplier_addtl[2]: 1
2021/11/26-09:44:09.699021 3cd0 Options.max_bytes_for_level_multiplier_addtl[3]: 1
2021/11/26-09:44:09.699029 3cd0 Options.max_bytes_for_level_multiplier_addtl[4]: 1
2021/11/26-09:44:09.699038 3cd0 Options.max_bytes_for_level_multiplier_addtl[5]: 1
2021/11/26-09:44:09.699046 3cd0 Options.max_bytes_for_level_multiplier_addtl[6]: 1
2021/11/26-09:44:09.699055 3cd0       Options.max_sequential_skip_in_iterations: 8
2021/11/26-09:44:09.699063 3cd0                    Options.max_compaction_bytes: 1677721600
2021/11/26-09:44:09.699071 3cd0                        Options.arena_block_size: 8388608
2021/11/26-09:44:09.699080 3cd0   Options.soft_pending_compaction_bytes_limit: 68719476736
2021/11/26-09:44:09.699088 3cd0   Options.hard_pending_compaction_bytes_limit: 274877906944
2021/11/26-09:44:09.699098 3cd0       Options.rate_limit_delay_max_milliseconds: 100
2021/11/26-09:44:09.699107 3cd0                Options.disable_auto_compactions: 0
2021/11/26-09:44:09.699119 3cd0                        Options.compaction_style: kCompactionStyleLevel
2021/11/26-09:44:09.699130 3cd0                          Options.compaction_pri: kByCompensatedSize
2021/11/26-09:44:09.699138 3cd0 Options.compaction_options_universal.size_ratio: 1
2021/11/26-09:44:09.699147 3cd0 Options.compaction_options_universal.min_merge_width: 2
2021/11/26-09:44:09.699155 3cd0 Options.compaction_options_universal.max_merge_width: 4294967295
2021/11/26-09:44:09.699164 3cd0 Options.compaction_options_universal.max_size_amplification_percent: 200
2021/11/26-09:44:09.699172 3cd0 Options.compaction_options_universal.compression_size_percent: -1
2021/11/26-09:44:09.699181 3cd0 Options.compaction_options_universal.stop_style: kCompactionStopStyleTotalSize
2021/11/26-09:44:09.699189 3cd0 Options.compaction_options_fifo.max_table_files_size: 1073741824
2021/11/26-09:44:09.699198 3cd0 Options.compaction_options_fifo.allow_compaction: 0
2021/11/26-09:44:09.699206 3cd0 Options.compaction_options_fifo.ttl: 0
2021/11/26-09:44:09.699214 3cd0                   Options.table_properties_collectors: 
2021/11/26-09:44:09.699223 3cd0                   Options.inplace_update_support: 0
2021/11/26-09:44:09.699231 3cd0                 Options.inplace_update_num_locks: 10000
2021/11/26-09:44:09.699239 3cd0               Options.memtable_prefix_bloom_size_ratio: 0.125000
2021/11/26-09:44:09.699248 3cd0   Options.memtable_huge_page_size: 0
2021/11/26-09:44:09.699257 3cd0                           Options.bloom_locality: 0
2021/11/26-09:44:09.699265 3cd0                    Options.max_successive_merges: 0
2021/11/26-09:44:09.699274 3cd0                Options.optimize_filters_for_hits: 0
2021/11/26-09:44:09.699282 3cd0                Options.paranoid_file_checks: 0
2021/11/26-09:44:09.699290 3cd0                Options.force_consistency_checks: 1
2021/11/26-09:44:09.699298 3cd0                Options.report_bg_io_stats: 0
2021/11/26-09:44:09.699307 3cd0                               Options.ttl: 0
2021/11/26-09:44:09.701810 3cd0 [db\column_family.cc:474] --------------- Options for column family [Configuration]:
2021/11/26-09:44:09.701845 3cd0               Options.comparator: leveldb.BytewiseComparator
2021/11/26-09:44:09.701855 3cd0           Options.merge_operator: StringAppendOperator
2021/11/26-09:44:09.701863 3cd0        Options.compaction_filter: None
2021/11/26-09:44:09.701872 3cd0        Options.compaction_filter_factory: None
2021/11/26-09:44:09.701881 3cd0         Options.memtable_factory: SkipListFactory
2021/11/26-09:44:09.701889 3cd0            Options.table_factory: BlockBasedTable
2021/11/26-09:44:09.701916 3cd0            table_factory options:   flush_block_policy_factory: FlushBlockBySizePolicyFactory (00000231EF1AB620)
  cache_index_and_filter_blocks: 0
  cache_index_and_filter_blocks_with_high_priority: 1
  pin_l0_filter_and_index_blocks_in_cache: 1
  pin_top_level_index_and_filter: 1
  index_type: 2
  hash_index_allow_collision: 1
  checksum: 1
  no_block_cache: 0
  block_cache: 00000231F257FB90
  block_cache_name: LRUCache
  block_cache_options:
    capacity : 536870912
    num_shard_bits : 8
    strict_capacity_limit : 0
    memory_allocator : None
    high_pri_pool_ratio: 0.000
  block_cache_compressed: 0000000000000000
  persistent_cache: 0000000000000000
  block_size: 4096
  block_size_deviation: 10
  block_restart_interval: 16
  index_block_restart_interval: 1
  metadata_block_size: 8192
  partition_filters: 1
  use_delta_encoding: 1
  filter_policy: nullptr
  whole_key_filtering: 1
  verify_compression: 0
  read_amp_bytes_per_bit: 0
  format_version: 0
  enable_index_compression: 1
  block_align: 0
2021/11/26-09:44:09.701925 3cd0        Options.write_buffer_size: 67108864
2021/11/26-09:44:09.701934 3cd0  Options.max_write_buffer_number: 3
2021/11/26-09:44:09.701943 3cd0          Options.compression: Snappy
2021/11/26-09:44:09.701951 3cd0                  Options.bottommost_compression: Disabled
2021/11/26-09:44:09.701960 3cd0       Options.prefix_extractor: rocksdb.FixedPrefix.8
2021/11/26-09:44:09.702021 3cd0   Options.memtable_insert_with_hint_prefix_extractor: nullptr
2021/11/26-09:44:09.702031 3cd0             Options.num_levels: 7
2021/11/26-09:44:09.702040 3cd0        Options.min_write_buffer_number_to_merge: 1
2021/11/26-09:44:09.702048 3cd0     Options.max_write_buffer_number_to_maintain: 0
2021/11/26-09:44:09.702056 3cd0            Options.bottommost_compression_opts.window_bits: -14
2021/11/26-09:44:09.702065 3cd0                  Options.bottommost_compression_opts.level: 32767
2021/11/26-09:44:09.702073 3cd0               Options.bottommost_compression_opts.strategy: 0
2021/11/26-09:44:09.702082 3cd0         Options.bottommost_compression_opts.max_dict_bytes: 0
2021/11/26-09:44:09.702090 3cd0         Options.bottommost_compression_opts.zstd_max_train_bytes: 0
2021/11/26-09:44:09.702100 3cd0                  Options.bottommost_compression_opts.enabled: false
2021/11/26-09:44:09.702110 3cd0            Options.compression_opts.window_bits: -14
2021/11/26-09:44:09.702119 3cd0                  Options.compression_opts.level: 32767
2021/11/26-09:44:09.702130 3cd0               Options.compression_opts.strategy: 0
2021/11/26-09:44:09.702138 3cd0         Options.compression_opts.max_dict_bytes: 0
2021/11/26-09:44:09.702146 3cd0         Options.compression_opts.zstd_max_train_bytes: 0
2021/11/26-09:44:09.702155 3cd0                  Options.compression_opts.enabled: false
2021/11/26-09:44:09.702163 3cd0      Options.level0_file_num_compaction_trigger: 10
2021/11/26-09:44:09.702171 3cd0          Options.level0_slowdown_writes_trigger: 20
2021/11/26-09:44:09.702179 3cd0              Options.level0_stop_writes_trigger: 40
2021/11/26-09:44:09.702188 3cd0                   Options.target_file_size_base: 67108864
2021/11/26-09:44:09.702197 3cd0             Options.target_file_size_multiplier: 1
2021/11/26-09:44:09.702205 3cd0                Options.max_bytes_for_level_base: 536870912
2021/11/26-09:44:09.702214 3cd0 Options.level_compaction_dynamic_level_bytes: 0
2021/11/26-09:44:09.702222 3cd0          Options.max_bytes_for_level_multiplier: 10.000000
2021/11/26-09:44:09.702231 3cd0 Options.max_bytes_for_level_multiplier_addtl[0]: 1
2021/11/26-09:44:09.702240 3cd0 Options.max_bytes_for_level_multiplier_addtl[1]: 1
2021/11/26-09:44:09.702248 3cd0 Options.max_bytes_for_level_multiplier_addtl[2]: 1
2021/11/26-09:44:09.702257 3cd0 Options.max_bytes_for_level_multiplier_addtl[3]: 1
2021/11/26-09:44:09.702265 3cd0 Options.max_bytes_for_level_multiplier_addtl[4]: 1
2021/11/26-09:44:09.702273 3cd0 Options.max_bytes_for_level_multiplier_addtl[5]: 1
2021/11/26-09:44:09.702282 3cd0 Options.max_bytes_for_level_multiplier_addtl[6]: 1
2021/11/26-09:44:09.702290 3cd0       Options.max_sequential_skip_in_iterations: 8
2021/11/26-09:44:09.702298 3cd0                    Options.max_compaction_bytes: 1677721600
2021/11/26-09:44:09.702307 3cd0                        Options.arena_block_size: 8388608
2021/11/26-09:44:09.702315 3cd0   Options.soft_pending_compaction_bytes_limit: 68719476736
2021/11/26-09:44:09.702323 3cd0   Options.hard_pending_compaction_bytes_limit: 274877906944
2021/11/26-09:44:09.702332 3cd0       Options.rate_limit_delay_max_milliseconds: 100
2021/11/26-09:44:09.702340 3cd0                Options.disable_auto_compactions: 0
2021/11/26-09:44:09.702349 3cd0                        Options.compaction_style: kCompactionStyleLevel
2021/11/26-09:44:09.702358 3cd0                          Options.compaction_pri: kByCompensatedSize
2021/11/26-09:44:09.702366 3cd0 Options.compaction_options_universal.size_ratio: 1
2021/11/26-09:44:09.702375 3cd0 Options.compaction_options_universal.min_merge_width: 2
2021/11/26-09:44:09.702384 3cd0 Options.compaction_options_universal.max_merge_width: 4294967295
2021/11/26-09:44:09.702467 3cd0 Options.compaction_options_universal.max_size_amplification_percent: 200
2021/11/26-09:44:09.702476 3cd0 Options.compaction_options_universal.compression_size_percent: -1
2021/11/26-09:44:09.702485 3cd0 Options.compaction_options_universal.stop_style: kCompactionStopStyleTotalSize
2021/11/26-09:44:09.702495 3cd0 Options.compaction_options_fifo.max_table_files_size: 1073741824
2021/11/26-09:44:09.702504 3cd0 Options.compaction_options_fifo.allow_compaction: 0
2021/11/26-09:44:09.702512 3cd0 Options.compaction_options_fifo.ttl: 0
2021/11/26-09:44:09.702520 3cd0                   Options.table_properties_collectors: 
2021/11/26-09:44:09.702529 3cd0                   Options.inplace_update_support: 0
2021/11/26-09:44:09.702537 3cd0                 Options.inplace_update_num_locks: 10000
2021/11/26-09:44:09.702546 3cd0               Options.memtable_prefix_bloom_size_ratio: 0.125000
2021/11/26-09:44:09.702555 3cd0   Options.memtable_huge_page_size: 0
2021/11/26-09:44:09.702563 3cd0                           Options.bloom_locality: 0
2021/11/26-09:44:09.702572 3cd0                    Options.max_successive_merges: 0
2021/11/26-09:44:09.702581 3cd0                Options.optimize_filters_for_hits: 0
2021/11/26-09:44:09.702589 3cd0                Options.paranoid_file_checks: 0
2021/11/26-09:44:09.702597 3cd0                Options.force_consistency_checks: 1
2021/11/26-09:44:09.702606 3cd0                Options.report_bg_io_stats: 0
2021/11/26-09:44:09.702614 3cd0                               Options.ttl: 0
2021/11/26-09:44:09.708044 3cd0 [db\version_set.cc:3724] Recovered from manifest file:D:\Developer\bishe\nacos\data\protocol\raft\naming_persistent_service_v2\log/MANIFEST-000068 succeeded,manifest_file_number is 68, next_file_number is 71, last_sequence is 1349, log_number is 0,prev_log_number is 0,max_column_family is 1,min_log_number_to_keep is 0
2021/11/26-09:44:09.708072 3cd0 [db\version_set.cc:3732] Column family [default] (ID 0), log number is 67
2021/11/26-09:44:09.708082 3cd0 [db\version_set.cc:3732] Column family [Configuration] (ID 1), log number is 67
2021/11/26-09:44:09.708881 3cd0 EVENT_LOG_v1 {"time_micros": 1637891049708551, "job": 1, "event": "recovery_started", "log_files": [70]}
2021/11/26-09:44:09.708908 3cd0 [db\db_impl_open.cc:578] Recovering log #70 mode 2
2021/11/26-09:44:09.711946 3cd0 EVENT_LOG_v1 {"time_micros": 1637891049711927, "cf_name": "default", "job": 1, "event": "table_file_creation", "file_number": 71, "file_size": 747, "table_properties": {"data_size": 0, "index_size": 13, "filter_size": 0, "raw_key_size": 32, "raw_average_key_size": 0, "raw_value_size": 16, "raw_average_value_size": 0, "num_data_blocks": 0, "num_entries": 0, "filter_policy_name": ""}}
2021/11/26-09:44:09.714896 3cd0 [db\version_set.cc:3037] Creating manifest 72
2021/11/26-09:44:09.723220 3cd0 EVENT_LOG_v1 {"time_micros": 1637891049723201, "cf_name": "Configuration", "job": 1, "event": "table_file_creation", "file_number": 73, "file_size": 877, "table_properties": {"data_size": 44, "index_size": 49, "filter_size": 0, "raw_key_size": 58, "raw_average_key_size": 58, "raw_value_size": 24, "raw_average_value_size": 24, "num_data_blocks": 1, "num_entries": 1, "filter_policy_name": ""}}
2021/11/26-09:44:09.727168 3cd0 EVENT_LOG_v1 {"time_micros": 1637891049727158, "job": 1, "event": "recovery_finished"}
2021/11/26-09:44:09.736288 3cd0 [db\db_impl_open.cc:1314] DB pointer 00000231EF96E030
2021/11/26-09:44:09.736817 2b64 [WARN] [db\db_impl.cc:669] ------- DUMPING STATS -------
2021/11/26-09:44:09.736852 2b64 [WARN] [db\db_impl.cc:670] 
** DB Stats **
Uptime(secs): 0.0 total, 0.0 interval
Cumulative writes: 0 writes, 0 keys, 0 commit groups, 0.0 writes per commit group, ingest: 0.00 GB, 0.00 MB/s
Cumulative WAL: 0 writes, 0 syncs, 0.00 writes per sync, written: 0.00 GB, 0.00 MB/s
Cumulative stall: 00:00:0.000 H:M:S, 0.0 percent
Interval writes: 0 writes, 0 keys, 0 commit groups, 0.0 writes per commit group, ingest: 0.00 MB, 0.00 MB/s
Interval WAL: 0 writes, 0 syncs, 0.00 writes per sync, written: 0.00 MB, 0.00 MB/s
Interval stall: 00:00:0.000 H:M:S, 0.0 percent

** Compaction Stats [default] **
Level    Files   Size     Score Read(GB)  Rn(GB) Rnp1(GB) Write(GB) Wnew(GB) Moved(GB) W-Amp Rd(MB/s) Wr(MB/s) Comp(sec) Comp(cnt) Avg(sec) KeyIn KeyDrop
----------------------------------------------------------------------------------------------------------------------------------------------------------
  L0      6/0    4.38 KB   0.6      0.0     0.0      0.0       0.0      0.0       0.0   1.0      0.0      0.3         0         1    0.003       0      0
 Sum      6/0    4.38 KB   0.0      0.0     0.0      0.0       0.0      0.0       0.0   1.0      0.0      0.3         0         1    0.003       0      0
 Int      0/0    0.00 KB   0.0      0.0     0.0      0.0       0.0      0.0       0.0   1.0      0.0      0.3         0         1    0.003       0      0
Uptime(secs): 0.0 total, 0.0 interval
Flush(GB): cumulative 0.000, interval 0.000
AddFile(GB): cumulative 0.000, interval 0.000
AddFile(Total Files): cumulative 0, interval 0
AddFile(L0 Files): cumulative 0, interval 0
AddFile(Keys): cumulative 0, interval 0
Cumulative compaction: 0.00 GB write, 0.02 MB/s write, 0.00 GB read, 0.00 MB/s read, 0.0 seconds
Interval compaction: 0.00 GB write, 0.02 MB/s write, 0.00 GB read, 0.00 MB/s read, 0.0 seconds
Stalls(count): 0 level0_slowdown, 0 level0_slowdown_with_compaction, 0 level0_numfiles, 0 level0_numfiles_with_compaction, 0 stop for pending_compaction_bytes, 0 slowdown for pending_compaction_bytes, 0 memtable_compaction, 0 memtable_slowdown, interval 0 total count

** File Read Latency Histogram By Level [default] **
** Level 0 read latency histogram (micros):
Count: 30 Average: 54.3000  StdDev: 116.93
Min: 1  Median: 4.8333  Max: 413
Percentiles: P50: 4.83 P75: 7.00 P99: 413.00 P99.9: 413.00 P99.99: 413.00
------------------------------------------------------
[       0,       1 ]        2   6.667%   6.667% #
(       1,       2 ]        2   6.667%  13.333% #
(       3,       4 ]        6  20.000%  33.333% ####
(       4,       6 ]       12  40.000%  73.333% ########
(       6,      10 ]        2   6.667%  80.000% #
(      22,      34 ]        1   3.333%  83.333% #
(     110,     170 ]        1   3.333%  86.667% #
(     170,     250 ]        1   3.333%  90.000% #
(     250,     380 ]        1   3.333%  93.333% #
(     380,     580 ]        2   6.667% 100.000% #


** Compaction Stats [Configuration] **
Level    Files   Size     Score Read(GB)  Rn(GB) Rnp1(GB) Write(GB) Wnew(GB) Moved(GB) W-Amp Rd(MB/s) Wr(MB/s) Comp(sec) Comp(cnt) Avg(sec) KeyIn KeyDrop
----------------------------------------------------------------------------------------------------------------------------------------------------------
  L0      6/0    5.14 KB   0.6      0.0     0.0      0.0       0.0      0.0       0.0   1.0      0.0      0.3         0         1    0.002       0      0
  L1      1/0    0.76 KB   0.0      0.0     0.0      0.0       0.0      0.0       0.0   0.0      0.0      0.0         0         0    0.000       0      0
 Sum      7/0    5.90 KB   0.0      0.0     0.0      0.0       0.0      0.0       0.0   1.0      0.0      0.3         0         1    0.002       0      0
 Int      0/0    0.00 KB   0.0      0.0     0.0      0.0       0.0      0.0       0.0   1.0      0.0      0.3         0         1    0.002       0      0
Uptime(secs): 0.0 total, 0.0 interval
Flush(GB): cumulative 0.000, interval 0.000
AddFile(GB): cumulative 0.000, interval 0.000
AddFile(Total Files): cumulative 0, interval 0
AddFile(L0 Files): cumulative 0, interval 0
AddFile(Keys): cumulative 0, interval 0
Cumulative compaction: 0.00 GB write, 0.02 MB/s write, 0.00 GB read, 0.00 MB/s read, 0.0 seconds
Interval compaction: 0.00 GB write, 0.02 MB/s write, 0.00 GB read, 0.00 MB/s read, 0.0 seconds
Stalls(count): 0 level0_slowdown, 0 level0_slowdown_with_compaction, 0 level0_numfiles, 0 level0_numfiles_with_compaction, 0 stop for pending_compaction_bytes, 0 slowdown for pending_compaction_bytes, 0 memtable_compaction, 0 memtable_slowdown, interval 0 total count

** File Read Latency Histogram By Level [Configuration] **
** Level 0 read latency histogram (micros):
Count: 36 Average: 47.1944  StdDev: 111.53
Min: 2  Median: 3.0000  Max: 442
Percentiles: P50: 3.00 P75: 5.71 P99: 442.00 P99.9: 442.00 P99.99: 442.00
------------------------------------------------------
(       1,       2 ]       12  33.333%  33.333% #######
(       2,       3 ]        6  16.667%  50.000% ###
(       3,       4 ]        3   8.333%  58.333% ##
(       4,       6 ]        7  19.444%  77.778% ####
(       6,      10 ]        1   2.778%  80.556% #
(      22,      34 ]        1   2.778%  83.333% #
(      51,      76 ]        1   2.778%  86.111% #
(     110,     170 ]        1   2.778%  88.889% #
(     170,     250 ]        1   2.778%  91.667% #
(     250,     380 ]        1   2.778%  94.444% #
(     380,     580 ]        2   5.556% 100.000% #

** Level 1 read latency histogram (micros):
Count: 4 Average: 48.2500  StdDev: 76.65
Min: 3  Median: 3.0000  Max: 181
Percentiles: P50: 3.00 P75: 6.00 P99: 181.00 P99.9: 181.00 P99.99: 181.00
------------------------------------------------------
(       2,       3 ]        2  50.000%  50.000% ##########
(       4,       6 ]        1  25.000%  75.000% #####
(     170,     250 ]        1  25.000% 100.000% #####


** Compaction Stats [default] **
Level    Files   Size     Score Read(GB)  Rn(GB) Rnp1(GB) Write(GB) Wnew(GB) Moved(GB) W-Amp Rd(MB/s) Wr(MB/s) Comp(sec) Comp(cnt) Avg(sec) KeyIn KeyDrop
----------------------------------------------------------------------------------------------------------------------------------------------------------
  L0      6/0    4.38 KB   0.6      0.0     0.0      0.0       0.0      0.0       0.0   1.0      0.0      0.3         0         1    0.003       0      0
 Sum      6/0    4.38 KB   0.0      0.0     0.0      0.0       0.0      0.0       0.0   1.0      0.0      0.3         0         1    0.003       0      0
 Int      0/0    0.00 KB   0.0      0.0     0.0      0.0       0.0      0.0       0.0   0.0      0.0      0.0         0         0    0.000       0      0
Uptime(secs): 0.0 total, 0.0 interval
Flush(GB): cumulative 0.000, interval 0.000
AddFile(GB): cumulative 0.000, interval 0.000
AddFile(Total Files): cumulative 0, interval 0
AddFile(L0 Files): cumulative 0, interval 0
AddFile(Keys): cumulative 0, interval 0
Cumulative compaction: 0.00 GB write, 0.02 MB/s write, 0.00 GB read, 0.00 MB/s read, 0.0 seconds
Interval compaction: 0.00 GB write, 0.00 MB/s write, 0.00 GB read, 0.00 MB/s read, 0.0 seconds
Stalls(count): 0 level0_slowdown, 0 level0_slowdown_with_compaction, 0 level0_numfiles, 0 level0_numfiles_with_compaction, 0 stop for pending_compaction_bytes, 0 slowdown for pending_compaction_bytes, 0 memtable_compaction, 0 memtable_slowdown, interval 0 total count

** File Read Latency Histogram By Level [default] **
** Level 0 read latency histogram (micros):
Count: 30 Average: 54.3000  StdDev: 116.93
Min: 1  Median: 4.8333  Max: 413
Percentiles: P50: 4.83 P75: 7.00 P99: 413.00 P99.9: 413.00 P99.99: 413.00
------------------------------------------------------
[       0,       1 ]        2   6.667%   6.667% #
(       1,       2 ]        2   6.667%  13.333% #
(       3,       4 ]        6  20.000%  33.333% ####
(       4,       6 ]       12  40.000%  73.333% ########
(       6,      10 ]        2   6.667%  80.000% #
(      22,      34 ]        1   3.333%  83.333% #
(     110,     170 ]        1   3.333%  86.667% #
(     170,     250 ]        1   3.333%  90.000% #
(     250,     380 ]        1   3.333%  93.333% #
(     380,     580 ]        2   6.667% 100.000% #


** Compaction Stats [Configuration] **
Level    Files   Size     Score Read(GB)  Rn(GB) Rnp1(GB) Write(GB) Wnew(GB) Moved(GB) W-Amp Rd(MB/s) Wr(MB/s) Comp(sec) Comp(cnt) Avg(sec) KeyIn KeyDrop
----------------------------------------------------------------------------------------------------------------------------------------------------------
  L0      6/0    5.14 KB   0.6      0.0     0.0      0.0       0.0      0.0       0.0   1.0      0.0      0.3         0         1    0.002       0      0
  L1      1/0    0.76 KB   0.0      0.0     0.0      0.0       0.0      0.0       0.0   0.0      0.0      0.0         0         0    0.000       0      0
 Sum      7/0    5.90 KB   0.0      0.0     0.0      0.0       0.0      0.0       0.0   1.0      0.0      0.3         0         1    0.002       0      0
 Int      0/0    0.00 KB   0.0      0.0     0.0      0.0       0.0      0.0       0.0   0.0      0.0      0.0         0         0    0.000       0      0
Uptime(secs): 0.0 total, 0.0 interval
Flush(GB): cumulative 0.000, interval 0.000
AddFile(GB): cumulative 0.000, interval 0.000
AddFile(Total Files): cumulative 0, interval 0
AddFile(L0 Files): cumulative 0, interval 0
AddFile(Keys): cumulative 0, interval 0
Cumulative compaction: 0.00 GB write, 0.02 MB/s write, 0.00 GB read, 0.00 MB/s read, 0.0 seconds
Interval compaction: 0.00 GB write, 0.00 MB/s write, 0.00 GB read, 0.00 MB/s read, 0.0 seconds
Stalls(count): 0 level0_slowdown, 0 level0_slowdown_with_compaction, 0 level0_numfiles, 0 level0_numfiles_with_compaction, 0 stop for pending_compaction_bytes, 0 slowdown for pending_compaction_bytes, 0 memtable_compaction, 0 memtable_slowdown, interval 0 total count

** File Read Latency Histogram By Level [Configuration] **
** Level 0 read latency histogram (micros):
Count: 36 Average: 47.1944  StdDev: 111.53
Min: 2  Median: 3.0000  Max: 442
Percentiles: P50: 3.00 P75: 5.71 P99: 442.00 P99.9: 442.00 P99.99: 442.00
------------------------------------------------------
(       1,       2 ]       12  33.333%  33.333% #######
(       2,       3 ]        6  16.667%  50.000% ###
(       3,       4 ]        3   8.333%  58.333% ##
(       4,       6 ]        7  19.444%  77.778% ####
(       6,      10 ]        1   2.778%  80.556% #
(      22,      34 ]        1   2.778%  83.333% #
(      51,      76 ]        1   2.778%  86.111% #
(     110,     170 ]        1   2.778%  88.889% #
(     170,     250 ]        1   2.778%  91.667% #
(     250,     380 ]        1   2.778%  94.444% #
(     380,     580 ]        2   5.556% 100.000% #

** Level 1 read latency histogram (micros):
Count: 4 Average: 48.2500  StdDev: 76.65
Min: 3  Median: 3.0000  Max: 181
Percentiles: P50: 3.00 P75: 6.00 P99: 181.00 P99.9: 181.00 P99.99: 181.00
------------------------------------------------------
(       2,       3 ]        2  50.000%  50.000% ##########
(       4,       6 ]        1  25.000%  75.000% #####
(     170,     250 ]        1  25.000% 100.000% #####

2021/11/26-09:44:09.737393 2b64 [WARN] [db\db_impl.cc:617] STATISTICS:
 rocksdb.block.cache.miss COUNT : 18
rocksdb.block.cache.hit COUNT : 0
rocksdb.block.cache.add COUNT : 18
rocksdb.block.cache.add.failures COUNT : 0
rocksdb.block.cache.index.miss COUNT : 6
rocksdb.block.cache.index.hit COUNT : 0
rocksdb.block.cache.index.add COUNT : 6
rocksdb.block.cache.index.bytes.insert COUNT : 612
rocksdb.block.cache.index.bytes.evict COUNT : 0
rocksdb.block.cache.filter.miss COUNT : 0
rocksdb.block.cache.filter.hit COUNT : 0
rocksdb.block.cache.filter.add COUNT : 0
rocksdb.block.cache.filter.bytes.insert COUNT : 0
rocksdb.block.cache.filter.bytes.evict COUNT : 0
rocksdb.block.cache.data.miss COUNT : 12
rocksdb.block.cache.data.hit COUNT : 0
rocksdb.block.cache.data.add COUNT : 12
rocksdb.block.cache.data.bytes.insert COUNT : 1752
rocksdb.block.cache.bytes.read COUNT : 0
rocksdb.block.cache.bytes.write COUNT : 2364
rocksdb.bloom.filter.useful COUNT : 0
rocksdb.bloom.filter.full.positive COUNT : 0
rocksdb.bloom.filter.full.true.positive COUNT : 0
rocksdb.persistent.cache.hit COUNT : 0
rocksdb.persistent.cache.miss COUNT : 0
rocksdb.sim.block.cache.hit COUNT : 0
rocksdb.sim.block.cache.miss COUNT : 0
rocksdb.memtable.hit COUNT : 0
rocksdb.memtable.miss COUNT : 0
rocksdb.l0.hit COUNT : 0
rocksdb.l1.hit COUNT : 0
rocksdb.l2andup.hit COUNT : 0
rocksdb.compaction.key.drop.new COUNT : 0
rocksdb.compaction.key.drop.obsolete COUNT : 0
rocksdb.compaction.key.drop.range_del COUNT : 0
rocksdb.compaction.key.drop.user COUNT : 0
rocksdb.compaction.range_del.drop.obsolete COUNT : 0
rocksdb.compaction.optimized.del.drop.obsolete COUNT : 0
rocksdb.compaction.cancelled COUNT : 0
rocksdb.number.keys.written COUNT : 0
rocksdb.number.keys.read COUNT : 0
rocksdb.number.keys.updated COUNT : 0
rocksdb.bytes.written COUNT : 0
rocksdb.bytes.read COUNT : 0
rocksdb.number.db.seek COUNT : 0
rocksdb.number.db.next COUNT : 0
rocksdb.number.db.prev COUNT : 0
rocksdb.number.db.seek.found COUNT : 0
rocksdb.number.db.next.found COUNT : 0
rocksdb.number.db.prev.found COUNT : 0
rocksdb.db.iter.bytes.read COUNT : 0
rocksdb.no.file.closes COUNT : 0
rocksdb.no.file.opens COUNT : 13
rocksdb.no.file.errors COUNT : 0
rocksdb.l0.slowdown.micros COUNT : 0
rocksdb.memtable.compaction.micros COUNT : 0
rocksdb.l0.num.files.stall.micros COUNT : 0
rocksdb.stall.micros COUNT : 0
rocksdb.db.mutex.wait.micros COUNT : 0
rocksdb.rate.limit.delay.millis COUNT : 0
rocksdb.num.iterators COUNT : 0
rocksdb.number.multiget.get COUNT : 0
rocksdb.number.multiget.keys.read COUNT : 0
rocksdb.number.multiget.bytes.read COUNT : 0
rocksdb.number.deletes.filtered COUNT : 0
rocksdb.number.merge.failures COUNT : 0
rocksdb.bloom.filter.prefix.checked COUNT : 0
rocksdb.bloom.filter.prefix.useful COUNT : 0
rocksdb.number.reseeks.iteration COUNT : 0
rocksdb.getupdatessince.calls COUNT : 0
rocksdb.block.cachecompressed.miss COUNT : 0
rocksdb.block.cachecompressed.hit COUNT : 0
rocksdb.block.cachecompressed.add COUNT : 0
rocksdb.block.cachecompressed.add.failures COUNT : 0
rocksdb.wal.synced COUNT : 0
rocksdb.wal.bytes COUNT : 0
rocksdb.write.self COUNT : 0
rocksdb.write.other COUNT : 0
rocksdb.write.timeout COUNT : 0
rocksdb.write.wal COUNT : 0
rocksdb.compact.read.bytes COUNT : 0
rocksdb.compact.write.bytes COUNT : 1624
rocksdb.flush.write.bytes COUNT : 0
rocksdb.number.direct.load.table.properties COUNT : 0
rocksdb.number.superversion_acquires COUNT : 0
rocksdb.number.superversion_releases COUNT : 0
rocksdb.number.superversion_cleanups COUNT : 0
rocksdb.number.block.compressed COUNT : 1
rocksdb.number.block.decompressed COUNT : 0
rocksdb.number.block.not_compressed COUNT : 0
rocksdb.merge.operation.time.nanos COUNT : 0
rocksdb.filter.operation.time.nanos COUNT : 0
rocksdb.row.cache.hit COUNT : 0
rocksdb.row.cache.miss COUNT : 0
rocksdb.read.amp.estimate.useful.bytes COUNT : 0
rocksdb.read.amp.total.read.bytes COUNT : 0
rocksdb.number.rate_limiter.drains COUNT : 0
rocksdb.number.iter.skip COUNT : 0
rocksdb.blobdb.num.put COUNT : 0
rocksdb.blobdb.num.write COUNT : 0
rocksdb.blobdb.num.get COUNT : 0
rocksdb.blobdb.num.multiget COUNT : 0
rocksdb.blobdb.num.seek COUNT : 0
rocksdb.blobdb.num.next COUNT : 0
rocksdb.blobdb.num.prev COUNT : 0
rocksdb.blobdb.num.keys.written COUNT : 0
rocksdb.blobdb.num.keys.read COUNT : 0
rocksdb.blobdb.bytes.written COUNT : 0
rocksdb.blobdb.bytes.read COUNT : 0
rocksdb.blobdb.write.inlined COUNT : 0
rocksdb.blobdb.write.inlined.ttl COUNT : 0
rocksdb.blobdb.write.blob COUNT : 0
rocksdb.blobdb.write.blob.ttl COUNT : 0
rocksdb.blobdb.blob.file.bytes.written COUNT : 0
rocksdb.blobdb.blob.file.bytes.read COUNT : 0
rocksdb.blobdb.blob.file.synced COUNT : 0
rocksdb.blobdb.blob.index.expired.count COUNT : 0
rocksdb.blobdb.blob.index.expired.size COUNT : 0
rocksdb.blobdb.blob.index.evicted.count COUNT : 0
rocksdb.blobdb.blob.index.evicted.size COUNT : 0
rocksdb.blobdb.gc.num.files COUNT : 0
rocksdb.blobdb.gc.num.new.files COUNT : 0
rocksdb.blobdb.gc.failures COUNT : 0
