2021/11/18-10:22:40.662175 af9c RocksDB version: 5.18.4
2021/11/18-10:22:40.662290 af9c Git sha rocksdb_build_git_sha:@b9a4a10659969c71e6f6eab4e4bae8c36ede919f@
2021/11/18-10:22:40.662315 af9c Compile date Mar 11 2020
2021/11/18-10:22:40.662336 af9c DB SUMMARY
2021/11/18-10:22:40.662971 af9c CURRENT file:  CURRENT
2021/11/18-10:22:40.663006 af9c IDENTITY file:  IDENTITY
2021/11/18-10:22:40.663208 af9c MANIFEST file:  MANIFEST-000027 size: 717 Bytes
2021/11/18-10:22:40.663249 af9c SST files in D:\Developer\bishe\nacos\data\protocol\raft\naming_service_metadata\log dir, Total Num: 12, files: 000006.sst 000008.sst 000010.sst 000012.sst 000014.sst 000016.sst 000018.sst 000020.sst 000022.sst 
2021/11/18-10:22:40.663272 af9c Write Ahead Log file in D:\Developer\bishe\nacos\data\protocol\raft\naming_service_metadata\log: 000029.log size: 3589 ; 
2021/11/18-10:22:40.663388 af9c                         Options.error_if_exists: 0
2021/11/18-10:22:40.663402 af9c                       Options.create_if_missing: 1
2021/11/18-10:22:40.663411 af9c                         Options.paranoid_checks: 1
2021/11/18-10:22:40.663420 af9c                                     Options.env: 0000026795B4F8F0
2021/11/18-10:22:40.663428 af9c                                Options.info_log: 0000026790C40000
2021/11/18-10:22:40.663437 af9c                Options.max_file_opening_threads: 16
2021/11/18-10:22:40.663445 af9c                              Options.statistics: 00000267937A71C0
2021/11/18-10:22:40.663454 af9c                               Options.use_fsync: 0
2021/11/18-10:22:40.663463 af9c                       Options.max_log_file_size: 0
2021/11/18-10:22:40.663472 af9c                  Options.max_manifest_file_size: 1073741824
2021/11/18-10:22:40.663481 af9c                   Options.log_file_time_to_roll: 0
2021/11/18-10:22:40.663489 af9c                       Options.keep_log_file_num: 1000
2021/11/18-10:22:40.663498 af9c                    Options.recycle_log_file_num: 0
2021/11/18-10:22:40.663507 af9c                         Options.allow_fallocate: 1
2021/11/18-10:22:40.663515 af9c                        Options.allow_mmap_reads: 0
2021/11/18-10:22:40.663524 af9c                       Options.allow_mmap_writes: 0
2021/11/18-10:22:40.663532 af9c                        Options.use_direct_reads: 0
2021/11/18-10:22:40.663541 af9c                        Options.use_direct_io_for_flush_and_compaction: 0
2021/11/18-10:22:40.663549 af9c          Options.create_missing_column_families: 1
2021/11/18-10:22:40.663558 af9c                              Options.db_log_dir: 
2021/11/18-10:22:40.663566 af9c                                 Options.wal_dir: D:\Developer\bishe\nacos\data\protocol\raft\naming_service_metadata\log
2021/11/18-10:22:40.663575 af9c                Options.table_cache_numshardbits: 6
2021/11/18-10:22:40.663583 af9c                      Options.max_subcompactions: 1
2021/11/18-10:22:40.663592 af9c                  Options.max_background_flushes: 1
2021/11/18-10:22:40.663600 af9c                         Options.WAL_ttl_seconds: 0
2021/11/18-10:22:40.663608 af9c                       Options.WAL_size_limit_MB: 0
2021/11/18-10:22:40.663617 af9c             Options.manifest_preallocation_size: 4194304
2021/11/18-10:22:40.663625 af9c                     Options.is_fd_close_on_exec: 1
2021/11/18-10:22:40.663633 af9c                   Options.advise_random_on_open: 1
2021/11/18-10:22:40.663642 af9c                    Options.db_write_buffer_size: 0
2021/11/18-10:22:40.663650 af9c                    Options.write_buffer_manager: 00000267943606B0
2021/11/18-10:22:40.663659 af9c         Options.access_hint_on_compaction_start: 1
2021/11/18-10:22:40.663667 af9c  Options.new_table_reader_for_compaction_inputs: 0
2021/11/18-10:22:40.663675 af9c           Options.random_access_max_buffer_size: 1048576
2021/11/18-10:22:40.663684 af9c                      Options.use_adaptive_mutex: 0
2021/11/18-10:22:40.663692 af9c                            Options.rate_limiter: 0000000000000000
2021/11/18-10:22:40.663701 af9c     Options.sst_file_manager.rate_bytes_per_sec: 0
2021/11/18-10:22:40.663745 af9c                       Options.wal_recovery_mode: 2
2021/11/18-10:22:40.663755 af9c                  Options.enable_thread_tracking: 0
2021/11/18-10:22:40.663763 af9c                  Options.enable_pipelined_write: 0
2021/11/18-10:22:40.663772 af9c         Options.allow_concurrent_memtable_write: 1
2021/11/18-10:22:40.663780 af9c      Options.enable_write_thread_adaptive_yield: 1
2021/11/18-10:22:40.663789 af9c             Options.write_thread_max_yield_usec: 100
2021/11/18-10:22:40.663797 af9c            Options.write_thread_slow_yield_usec: 3
2021/11/18-10:22:40.663806 af9c                               Options.row_cache: None
2021/11/18-10:22:40.663814 af9c                              Options.wal_filter: None
2021/11/18-10:22:40.663823 af9c             Options.avoid_flush_during_recovery: 0
2021/11/18-10:22:40.663831 af9c             Options.allow_ingest_behind: 0
2021/11/18-10:22:40.663839 af9c             Options.preserve_deletes: 0
2021/11/18-10:22:40.663848 af9c             Options.two_write_queues: 0
2021/11/18-10:22:40.663856 af9c             Options.manual_wal_flush: 0
2021/11/18-10:22:40.663864 af9c             Options.max_background_jobs: 2
2021/11/18-10:22:40.663873 af9c             Options.max_background_compactions: 4
2021/11/18-10:22:40.663881 af9c             Options.avoid_flush_during_shutdown: 0
2021/11/18-10:22:40.663889 af9c           Options.writable_file_max_buffer_size: 1048576
2021/11/18-10:22:40.663898 af9c             Options.delayed_write_rate : 16777216
2021/11/18-10:22:40.663906 af9c             Options.max_total_wal_size: 0
2021/11/18-10:22:40.663915 af9c             Options.delete_obsolete_files_period_micros: 21600000000
2021/11/18-10:22:40.663923 af9c                   Options.stats_dump_period_sec: 600
2021/11/18-10:22:40.663933 af9c                          Options.max_open_files: -1
2021/11/18-10:22:40.663942 af9c                          Options.bytes_per_sync: 0
2021/11/18-10:22:40.663950 af9c                      Options.wal_bytes_per_sync: 0
2021/11/18-10:22:40.663959 af9c       Options.compaction_readahead_size: 0
2021/11/18-10:22:40.663967 af9c Compression algorithms supported:
2021/11/18-10:22:40.663976 af9c 	kZSTD supported: 1
2021/11/18-10:22:40.663985 af9c 	kSnappyCompression supported: 1
2021/11/18-10:22:40.663993 af9c 	kBZip2Compression supported: 0
2021/11/18-10:22:40.664002 af9c 	kZlibCompression supported: 1
2021/11/18-10:22:40.664010 af9c 	kLZ4Compression supported: 1
2021/11/18-10:22:40.664018 af9c 	kXpressCompression supported: 0
2021/11/18-10:22:40.664027 af9c 	kLZ4HCCompression supported: 1
2021/11/18-10:22:40.664035 af9c 	kZSTDNotFinalCompression supported: 1
2021/11/18-10:22:40.664045 af9c Fast CRC32 supported: Supported on x86
2021/11/18-10:22:40.666616 af9c [db\version_set.cc:3508] Recovering from manifest file: MANIFEST-000027
2021/11/18-10:22:40.667201 af9c [db\column_family.cc:474] --------------- Options for column family [default]:
2021/11/18-10:22:40.667218 af9c               Options.comparator: leveldb.BytewiseComparator
2021/11/18-10:22:40.667228 af9c           Options.merge_operator: StringAppendOperator
2021/11/18-10:22:40.667237 af9c        Options.compaction_filter: None
2021/11/18-10:22:40.667245 af9c        Options.compaction_filter_factory: None
2021/11/18-10:22:40.667254 af9c         Options.memtable_factory: SkipListFactory
2021/11/18-10:22:40.667263 af9c            Options.table_factory: BlockBasedTable
2021/11/18-10:22:40.667288 af9c            table_factory options:   flush_block_policy_factory: FlushBlockBySizePolicyFactory (000002678FC5EEF0)
  cache_index_and_filter_blocks: 0
  cache_index_and_filter_blocks_with_high_priority: 1
  pin_l0_filter_and_index_blocks_in_cache: 1
  pin_top_level_index_and_filter: 1
  index_type: 2
  hash_index_allow_collision: 1
  checksum: 1
  no_block_cache: 0
  block_cache: 0000026791175110
  block_cache_name: LRUCache
  block_cache_options:
    capacity : 536870912
    num_shard_bits : 8
    strict_capacity_limit : 0
    memory_allocator : None
    high_pri_pool_ratio: 0.000
  block_cache_compressed: 0000000000000000
  persistent_cache: 0000000000000000
  block_size: 4096
  block_size_deviation: 10
  block_restart_interval: 16
  index_block_restart_interval: 1
  metadata_block_size: 8192
  partition_filters: 1
  use_delta_encoding: 1
  filter_policy: nullptr
  whole_key_filtering: 1
  verify_compression: 0
  read_amp_bytes_per_bit: 0
  format_version: 0
  enable_index_compression: 1
  block_align: 0
2021/11/18-10:22:40.667347 af9c        Options.write_buffer_size: 67108864
2021/11/18-10:22:40.667357 af9c  Options.max_write_buffer_number: 3
2021/11/18-10:22:40.667366 af9c          Options.compression: Snappy
2021/11/18-10:22:40.667374 af9c                  Options.bottommost_compression: Disabled
2021/11/18-10:22:40.667383 af9c       Options.prefix_extractor: rocksdb.FixedPrefix.8
2021/11/18-10:22:40.667392 af9c   Options.memtable_insert_with_hint_prefix_extractor: nullptr
2021/11/18-10:22:40.667401 af9c             Options.num_levels: 7
2021/11/18-10:22:40.667409 af9c        Options.min_write_buffer_number_to_merge: 1
2021/11/18-10:22:40.667418 af9c     Options.max_write_buffer_number_to_maintain: 0
2021/11/18-10:22:40.667426 af9c            Options.bottommost_compression_opts.window_bits: -14
2021/11/18-10:22:40.667435 af9c                  Options.bottommost_compression_opts.level: 32767
2021/11/18-10:22:40.667443 af9c               Options.bottommost_compression_opts.strategy: 0
2021/11/18-10:22:40.667452 af9c         Options.bottommost_compression_opts.max_dict_bytes: 0
2021/11/18-10:22:40.667461 af9c         Options.bottommost_compression_opts.zstd_max_train_bytes: 0
2021/11/18-10:22:40.667469 af9c                  Options.bottommost_compression_opts.enabled: false
2021/11/18-10:22:40.667478 af9c            Options.compression_opts.window_bits: -14
2021/11/18-10:22:40.667487 af9c                  Options.compression_opts.level: 32767
2021/11/18-10:22:40.667904 af9c               Options.compression_opts.strategy: 0
2021/11/18-10:22:40.667913 af9c         Options.compression_opts.max_dict_bytes: 0
2021/11/18-10:22:40.667921 af9c         Options.compression_opts.zstd_max_train_bytes: 0
2021/11/18-10:22:40.667932 af9c                  Options.compression_opts.enabled: false
2021/11/18-10:22:40.667941 af9c      Options.level0_file_num_compaction_trigger: 10
2021/11/18-10:22:40.667950 af9c          Options.level0_slowdown_writes_trigger: 20
2021/11/18-10:22:40.667959 af9c              Options.level0_stop_writes_trigger: 40
2021/11/18-10:22:40.667967 af9c                   Options.target_file_size_base: 67108864
2021/11/18-10:22:40.667976 af9c             Options.target_file_size_multiplier: 1
2021/11/18-10:22:40.667984 af9c                Options.max_bytes_for_level_base: 536870912
2021/11/18-10:22:40.667993 af9c Options.level_compaction_dynamic_level_bytes: 0
2021/11/18-10:22:40.668001 af9c          Options.max_bytes_for_level_multiplier: 10.000000
2021/11/18-10:22:40.668070 af9c Options.max_bytes_for_level_multiplier_addtl[0]: 1
2021/11/18-10:22:40.668079 af9c Options.max_bytes_for_level_multiplier_addtl[1]: 1
2021/11/18-10:22:40.668087 af9c Options.max_bytes_for_level_multiplier_addtl[2]: 1
2021/11/18-10:22:40.668096 af9c Options.max_bytes_for_level_multiplier_addtl[3]: 1
2021/11/18-10:22:40.668104 af9c Options.max_bytes_for_level_multiplier_addtl[4]: 1
2021/11/18-10:22:40.668113 af9c Options.max_bytes_for_level_multiplier_addtl[5]: 1
2021/11/18-10:22:40.668121 af9c Options.max_bytes_for_level_multiplier_addtl[6]: 1
2021/11/18-10:22:40.668130 af9c       Options.max_sequential_skip_in_iterations: 8
2021/11/18-10:22:40.668193 af9c                    Options.max_compaction_bytes: 1677721600
2021/11/18-10:22:40.668202 af9c                        Options.arena_block_size: 8388608
2021/11/18-10:22:40.668210 af9c   Options.soft_pending_compaction_bytes_limit: 68719476736
2021/11/18-10:22:40.668219 af9c   Options.hard_pending_compaction_bytes_limit: 274877906944
2021/11/18-10:22:40.668228 af9c       Options.rate_limit_delay_max_milliseconds: 100
2021/11/18-10:22:40.668237 af9c                Options.disable_auto_compactions: 0
2021/11/18-10:22:40.668248 af9c                        Options.compaction_style: kCompactionStyleLevel
2021/11/18-10:22:40.668258 af9c                          Options.compaction_pri: kByCompensatedSize
2021/11/18-10:22:40.668315 af9c Options.compaction_options_universal.size_ratio: 1
2021/11/18-10:22:40.668324 af9c Options.compaction_options_universal.min_merge_width: 2
2021/11/18-10:22:40.668333 af9c Options.compaction_options_universal.max_merge_width: 4294967295
2021/11/18-10:22:40.668342 af9c Options.compaction_options_universal.max_size_amplification_percent: 200
2021/11/18-10:22:40.668350 af9c Options.compaction_options_universal.compression_size_percent: -1
2021/11/18-10:22:40.668359 af9c Options.compaction_options_universal.stop_style: kCompactionStopStyleTotalSize
2021/11/18-10:22:40.668368 af9c Options.compaction_options_fifo.max_table_files_size: 1073741824
2021/11/18-10:22:40.668377 af9c Options.compaction_options_fifo.allow_compaction: 0
2021/11/18-10:22:40.668436 af9c Options.compaction_options_fifo.ttl: 0
2021/11/18-10:22:40.668445 af9c                   Options.table_properties_collectors: 
2021/11/18-10:22:40.668453 af9c                   Options.inplace_update_support: 0
2021/11/18-10:22:40.668462 af9c                 Options.inplace_update_num_locks: 10000
2021/11/18-10:22:40.668470 af9c               Options.memtable_prefix_bloom_size_ratio: 0.125000
2021/11/18-10:22:40.668479 af9c   Options.memtable_huge_page_size: 0
2021/11/18-10:22:40.668488 af9c                           Options.bloom_locality: 0
2021/11/18-10:22:40.668497 af9c                    Options.max_successive_merges: 0
2021/11/18-10:22:40.668505 af9c                Options.optimize_filters_for_hits: 0
2021/11/18-10:22:40.668514 af9c                Options.paranoid_file_checks: 0
2021/11/18-10:22:40.668522 af9c                Options.force_consistency_checks: 1
2021/11/18-10:22:40.668531 af9c                Options.report_bg_io_stats: 0
2021/11/18-10:22:40.668540 af9c                               Options.ttl: 0
2021/11/18-10:22:40.671300 af9c [db\column_family.cc:474] --------------- Options for column family [Configuration]:
2021/11/18-10:22:40.671329 af9c               Options.comparator: leveldb.BytewiseComparator
2021/11/18-10:22:40.671339 af9c           Options.merge_operator: StringAppendOperator
2021/11/18-10:22:40.671348 af9c        Options.compaction_filter: None
2021/11/18-10:22:40.671357 af9c        Options.compaction_filter_factory: None
2021/11/18-10:22:40.671366 af9c         Options.memtable_factory: SkipListFactory
2021/11/18-10:22:40.671374 af9c            Options.table_factory: BlockBasedTable
2021/11/18-10:22:40.671409 af9c            table_factory options:   flush_block_policy_factory: FlushBlockBySizePolicyFactory (000002678FC5EEF0)
  cache_index_and_filter_blocks: 0
  cache_index_and_filter_blocks_with_high_priority: 1
  pin_l0_filter_and_index_blocks_in_cache: 1
  pin_top_level_index_and_filter: 1
  index_type: 2
  hash_index_allow_collision: 1
  checksum: 1
  no_block_cache: 0
  block_cache: 0000026791175110
  block_cache_name: LRUCache
  block_cache_options:
    capacity : 536870912
    num_shard_bits : 8
    strict_capacity_limit : 0
    memory_allocator : None
    high_pri_pool_ratio: 0.000
  block_cache_compressed: 0000000000000000
  persistent_cache: 0000000000000000
  block_size: 4096
  block_size_deviation: 10
  block_restart_interval: 16
  index_block_restart_interval: 1
  metadata_block_size: 8192
  partition_filters: 1
  use_delta_encoding: 1
  filter_policy: nullptr
  whole_key_filtering: 1
  verify_compression: 0
  read_amp_bytes_per_bit: 0
  format_version: 0
  enable_index_compression: 1
  block_align: 0
2021/11/18-10:22:40.671419 af9c        Options.write_buffer_size: 67108864
2021/11/18-10:22:40.671428 af9c  Options.max_write_buffer_number: 3
2021/11/18-10:22:40.671437 af9c          Options.compression: Snappy
2021/11/18-10:22:40.671445 af9c                  Options.bottommost_compression: Disabled
2021/11/18-10:22:40.671454 af9c       Options.prefix_extractor: rocksdb.FixedPrefix.8
2021/11/18-10:22:40.671506 af9c   Options.memtable_insert_with_hint_prefix_extractor: nullptr
2021/11/18-10:22:40.671516 af9c             Options.num_levels: 7
2021/11/18-10:22:40.671524 af9c        Options.min_write_buffer_number_to_merge: 1
2021/11/18-10:22:40.671532 af9c     Options.max_write_buffer_number_to_maintain: 0
2021/11/18-10:22:40.671541 af9c            Options.bottommost_compression_opts.window_bits: -14
2021/11/18-10:22:40.671549 af9c                  Options.bottommost_compression_opts.level: 32767
2021/11/18-10:22:40.671558 af9c               Options.bottommost_compression_opts.strategy: 0
2021/11/18-10:22:40.671566 af9c         Options.bottommost_compression_opts.max_dict_bytes: 0
2021/11/18-10:22:40.671574 af9c         Options.bottommost_compression_opts.zstd_max_train_bytes: 0
2021/11/18-10:22:40.671583 af9c                  Options.bottommost_compression_opts.enabled: false
2021/11/18-10:22:40.671591 af9c            Options.compression_opts.window_bits: -14
2021/11/18-10:22:40.671600 af9c                  Options.compression_opts.level: 32767
2021/11/18-10:22:40.671608 af9c               Options.compression_opts.strategy: 0
2021/11/18-10:22:40.671616 af9c         Options.compression_opts.max_dict_bytes: 0
2021/11/18-10:22:40.671625 af9c         Options.compression_opts.zstd_max_train_bytes: 0
2021/11/18-10:22:40.671633 af9c                  Options.compression_opts.enabled: false
2021/11/18-10:22:40.671642 af9c      Options.level0_file_num_compaction_trigger: 10
2021/11/18-10:22:40.671650 af9c          Options.level0_slowdown_writes_trigger: 20
2021/11/18-10:22:40.671658 af9c              Options.level0_stop_writes_trigger: 40
2021/11/18-10:22:40.671667 af9c                   Options.target_file_size_base: 67108864
2021/11/18-10:22:40.671675 af9c             Options.target_file_size_multiplier: 1
2021/11/18-10:22:40.671683 af9c                Options.max_bytes_for_level_base: 536870912
2021/11/18-10:22:40.671692 af9c Options.level_compaction_dynamic_level_bytes: 0
2021/11/18-10:22:40.671700 af9c          Options.max_bytes_for_level_multiplier: 10.000000
2021/11/18-10:22:40.671710 af9c Options.max_bytes_for_level_multiplier_addtl[0]: 1
2021/11/18-10:22:40.671718 af9c Options.max_bytes_for_level_multiplier_addtl[1]: 1
2021/11/18-10:22:40.671727 af9c Options.max_bytes_for_level_multiplier_addtl[2]: 1
2021/11/18-10:22:40.671736 af9c Options.max_bytes_for_level_multiplier_addtl[3]: 1
2021/11/18-10:22:40.671746 af9c Options.max_bytes_for_level_multiplier_addtl[4]: 1
2021/11/18-10:22:40.671755 af9c Options.max_bytes_for_level_multiplier_addtl[5]: 1
2021/11/18-10:22:40.671764 af9c Options.max_bytes_for_level_multiplier_addtl[6]: 1
2021/11/18-10:22:40.671773 af9c       Options.max_sequential_skip_in_iterations: 8
2021/11/18-10:22:40.671781 af9c                    Options.max_compaction_bytes: 1677721600
2021/11/18-10:22:40.671789 af9c                        Options.arena_block_size: 8388608
2021/11/18-10:22:40.671798 af9c   Options.soft_pending_compaction_bytes_limit: 68719476736
2021/11/18-10:22:40.671806 af9c   Options.hard_pending_compaction_bytes_limit: 274877906944
2021/11/18-10:22:40.671815 af9c       Options.rate_limit_delay_max_milliseconds: 100
2021/11/18-10:22:40.671823 af9c                Options.disable_auto_compactions: 0
2021/11/18-10:22:40.671832 af9c                        Options.compaction_style: kCompactionStyleLevel
2021/11/18-10:22:40.671841 af9c                          Options.compaction_pri: kByCompensatedSize
2021/11/18-10:22:40.671850 af9c Options.compaction_options_universal.size_ratio: 1
2021/11/18-10:22:40.671858 af9c Options.compaction_options_universal.min_merge_width: 2
2021/11/18-10:22:40.671867 af9c Options.compaction_options_universal.max_merge_width: 4294967295
2021/11/18-10:22:40.671875 af9c Options.compaction_options_universal.max_size_amplification_percent: 200
2021/11/18-10:22:40.671884 af9c Options.compaction_options_universal.compression_size_percent: -1
2021/11/18-10:22:40.671892 af9c Options.compaction_options_universal.stop_style: kCompactionStopStyleTotalSize
2021/11/18-10:22:40.671923 af9c Options.compaction_options_fifo.max_table_files_size: 1073741824
2021/11/18-10:22:40.671934 af9c Options.compaction_options_fifo.allow_compaction: 0
2021/11/18-10:22:40.671943 af9c Options.compaction_options_fifo.ttl: 0
2021/11/18-10:22:40.671951 af9c                   Options.table_properties_collectors: 
2021/11/18-10:22:40.671960 af9c                   Options.inplace_update_support: 0
2021/11/18-10:22:40.671968 af9c                 Options.inplace_update_num_locks: 10000
2021/11/18-10:22:40.671976 af9c               Options.memtable_prefix_bloom_size_ratio: 0.125000
2021/11/18-10:22:40.671985 af9c   Options.memtable_huge_page_size: 0
2021/11/18-10:22:40.671994 af9c                           Options.bloom_locality: 0
2021/11/18-10:22:40.672002 af9c                    Options.max_successive_merges: 0
2021/11/18-10:22:40.672010 af9c                Options.optimize_filters_for_hits: 0
2021/11/18-10:22:40.672019 af9c                Options.paranoid_file_checks: 0
2021/11/18-10:22:40.672027 af9c                Options.force_consistency_checks: 1
2021/11/18-10:22:40.672035 af9c                Options.report_bg_io_stats: 0
2021/11/18-10:22:40.672044 af9c                               Options.ttl: 0
2021/11/18-10:22:40.681083 af9c [db\version_set.cc:3724] Recovered from manifest file:D:\Developer\bishe\nacos\data\protocol\raft\naming_service_metadata\log/MANIFEST-000027 succeeded,manifest_file_number is 27, next_file_number is 30, last_sequence is 698, log_number is 0,prev_log_number is 0,max_column_family is 1,min_log_number_to_keep is 0
2021/11/18-10:22:40.681114 af9c [db\version_set.cc:3732] Column family [default] (ID 0), log number is 26
2021/11/18-10:22:40.681124 af9c [db\version_set.cc:3732] Column family [Configuration] (ID 1), log number is 26
2021/11/18-10:22:40.681960 af9c EVENT_LOG_v1 {"time_micros": 1637202160681951, "job": 1, "event": "recovery_started", "log_files": [29]}
2021/11/18-10:22:40.681979 af9c [db\db_impl_open.cc:578] Recovering log #29 mode 2
2021/11/18-10:22:40.685971 af9c EVENT_LOG_v1 {"time_micros": 1637202160685953, "cf_name": "default", "job": 1, "event": "table_file_creation", "file_number": 30, "file_size": 747, "table_properties": {"data_size": 0, "index_size": 13, "filter_size": 0, "raw_key_size": 32, "raw_average_key_size": 0, "raw_value_size": 16, "raw_average_value_size": 0, "num_data_blocks": 0, "num_entries": 0, "filter_policy_name": ""}}
2021/11/18-10:22:40.688785 af9c [db\version_set.cc:3037] Creating manifest 31
2021/11/18-10:22:40.697943 af9c EVENT_LOG_v1 {"time_micros": 1637202160697923, "cf_name": "Configuration", "job": 1, "event": "table_file_creation", "file_number": 32, "file_size": 877, "table_properties": {"data_size": 44, "index_size": 49, "filter_size": 0, "raw_key_size": 58, "raw_average_key_size": 58, "raw_value_size": 24, "raw_average_value_size": 24, "num_data_blocks": 1, "num_entries": 1, "filter_policy_name": ""}}
2021/11/18-10:22:40.701993 af9c EVENT_LOG_v1 {"time_micros": 1637202160701984, "job": 1, "event": "recovery_finished"}
2021/11/18-10:22:40.712971 af9c [db\db_impl_open.cc:1314] DB pointer 0000026792627880
2021/11/18-10:22:40.713739 18ca4 [WARN] [db\db_impl.cc:669] ------- DUMPING STATS -------
2021/11/18-10:22:40.713782 18ca4 [WARN] [db\db_impl.cc:670] 
** DB Stats **
Uptime(secs): 0.0 total, 0.0 interval
Cumulative writes: 0 writes, 0 keys, 0 commit groups, 0.0 writes per commit group, ingest: 0.00 GB, 0.00 MB/s
Cumulative WAL: 0 writes, 0 syncs, 0.00 writes per sync, written: 0.00 GB, 0.00 MB/s
Cumulative stall: 00:00:0.000 H:M:S, 0.0 percent
Interval writes: 0 writes, 0 keys, 0 commit groups, 0.0 writes per commit group, ingest: 0.00 MB, 0.00 MB/s
Interval WAL: 0 writes, 0 syncs, 0.00 writes per sync, written: 0.00 MB, 0.00 MB/s
Interval stall: 00:00:0.000 H:M:S, 0.0 percent

** Compaction Stats [default] **
Level    Files   Size     Score Read(GB)  Rn(GB) Rnp1(GB) Write(GB) Wnew(GB) Moved(GB) W-Amp Rd(MB/s) Wr(MB/s) Comp(sec) Comp(cnt) Avg(sec) KeyIn KeyDrop
----------------------------------------------------------------------------------------------------------------------------------------------------------
  L0      7/0    5.08 KB   0.7      0.0     0.0      0.0       0.0      0.0       0.0   1.0      0.0      0.2         0         1    0.003       0      0
 Sum      7/0    5.08 KB   0.0      0.0     0.0      0.0       0.0      0.0       0.0   1.0      0.0      0.2         0         1    0.003       0      0
 Int      0/0    0.00 KB   0.0      0.0     0.0      0.0       0.0      0.0       0.0   1.0      0.0      0.2         0         1    0.003       0      0
Uptime(secs): 0.0 total, 0.0 interval
Flush(GB): cumulative 0.000, interval 0.000
AddFile(GB): cumulative 0.000, interval 0.000
AddFile(Total Files): cumulative 0, interval 0
AddFile(L0 Files): cumulative 0, interval 0
AddFile(Keys): cumulative 0, interval 0
Cumulative compaction: 0.00 GB write, 0.02 MB/s write, 0.00 GB read, 0.00 MB/s read, 0.0 seconds
Interval compaction: 0.00 GB write, 0.02 MB/s write, 0.00 GB read, 0.00 MB/s read, 0.0 seconds
Stalls(count): 0 level0_slowdown, 0 level0_slowdown_with_compaction, 0 level0_numfiles, 0 level0_numfiles_with_compaction, 0 stop for pending_compaction_bytes, 0 slowdown for pending_compaction_bytes, 0 memtable_compaction, 0 memtable_slowdown, interval 0 total count

** File Read Latency Histogram By Level [default] **
** Level 0 read latency histogram (micros):
Count: 35 Average: 182.5714  StdDev: 464.25
Min: 1  Median: 2.3000  Max: 1881
Percentiles: P50: 2.30 P75: 4.50 P99: 1795.00 P99.9: 1881.00 P99.99: 1881.00
------------------------------------------------------
[       0,       1 ]        1   2.857%   2.857% #
(       1,       2 ]       15  42.857%  45.714% #########
(       2,       3 ]        5  14.286%  60.000% ###
(       3,       4 ]        5  14.286%  74.286% ###
(       4,       6 ]        1   2.857%  77.143% #
(       6,      10 ]        1   2.857%  80.000% #
(      22,      34 ]        1   2.857%  82.857% #
(     110,     170 ]        1   2.857%  85.714% #
(     380,     580 ]        1   2.857%  88.571% #
(     580,     870 ]        1   2.857%  91.429% #
(     870,    1300 ]        1   2.857%  94.286% #
(    1300,    1900 ]        2   5.714% 100.000% #


** Compaction Stats [Configuration] **
Level    Files   Size     Score Read(GB)  Rn(GB) Rnp1(GB) Write(GB) Wnew(GB) Moved(GB) W-Amp Rd(MB/s) Wr(MB/s) Comp(sec) Comp(cnt) Avg(sec) KeyIn KeyDrop
----------------------------------------------------------------------------------------------------------------------------------------------------------
  L0      7/0    5.96 KB   0.7      0.0     0.0      0.0       0.0      0.0       0.0   1.0      0.0      0.3         0         1    0.003       0      0
 Sum      7/0    5.96 KB   0.0      0.0     0.0      0.0       0.0      0.0       0.0   1.0      0.0      0.3         0         1    0.003       0      0
 Int      0/0    0.00 KB   0.0      0.0     0.0      0.0       0.0      0.0       0.0   1.0      0.0      0.3         0         1    0.003       0      0
Uptime(secs): 0.0 total, 0.0 interval
Flush(GB): cumulative 0.000, interval 0.000
AddFile(GB): cumulative 0.000, interval 0.000
AddFile(Total Files): cumulative 0, interval 0
AddFile(L0 Files): cumulative 0, interval 0
AddFile(Keys): cumulative 0, interval 0
Cumulative compaction: 0.00 GB write, 0.02 MB/s write, 0.00 GB read, 0.00 MB/s read, 0.0 seconds
Interval compaction: 0.00 GB write, 0.02 MB/s write, 0.00 GB read, 0.00 MB/s read, 0.0 seconds
Stalls(count): 0 level0_slowdown, 0 level0_slowdown_with_compaction, 0 level0_numfiles, 0 level0_numfiles_with_compaction, 0 stop for pending_compaction_bytes, 0 slowdown for pending_compaction_bytes, 0 memtable_compaction, 0 memtable_slowdown, interval 0 total count

** File Read Latency Histogram By Level [Configuration] **
** Level 0 read latency histogram (micros):
Count: 48 Average: 134.9167  StdDev: 413.33
Min: 1  Median: 1.8750  Max: 1956
Percentiles: P50: 1.88 P75: 3.25 P99: 1612.00 P99.9: 1871.20 P99.99: 1897.12
------------------------------------------------------
[       0,       1 ]        3   6.250%   6.250% #
(       1,       2 ]       24  50.000%  56.250% ##########
(       2,       3 ]        8  16.667%  72.917% ###
(       3,       4 ]        4   8.333%  81.250% ##
(       4,       6 ]        2   4.167%  85.417% #
(       6,      10 ]        1   2.083%  87.500% 
(      15,      22 ]        1   2.083%  89.583% 
(     110,     170 ]        1   2.083%  91.667% 
(     380,     580 ]        1   2.083%  93.750% 
(     580,     870 ]        1   2.083%  95.833% 
(     870,    1300 ]        1   2.083%  97.917% 
(    1300,    1900 ]        1   2.083% 100.000% 
(    1900,    2900 ]        1   2.083% 102.083% 


** Compaction Stats [default] **
Level    Files   Size     Score Read(GB)  Rn(GB) Rnp1(GB) Write(GB) Wnew(GB) Moved(GB) W-Amp Rd(MB/s) Wr(MB/s) Comp(sec) Comp(cnt) Avg(sec) KeyIn KeyDrop
----------------------------------------------------------------------------------------------------------------------------------------------------------
  L0      7/0    5.08 KB   0.7      0.0     0.0      0.0       0.0      0.0       0.0   1.0      0.0      0.2         0         1    0.003       0      0
 Sum      7/0    5.08 KB   0.0      0.0     0.0      0.0       0.0      0.0       0.0   1.0      0.0      0.2         0         1    0.003       0      0
 Int      0/0    0.00 KB   0.0      0.0     0.0      0.0       0.0      0.0       0.0   0.0      0.0      0.0         0         0    0.000       0      0
Uptime(secs): 0.0 total, 0.0 interval
Flush(GB): cumulative 0.000, interval 0.000
AddFile(GB): cumulative 0.000, interval 0.000
AddFile(Total Files): cumulative 0, interval 0
AddFile(L0 Files): cumulative 0, interval 0
AddFile(Keys): cumulative 0, interval 0
Cumulative compaction: 0.00 GB write, 0.02 MB/s write, 0.00 GB read, 0.00 MB/s read, 0.0 seconds
Interval compaction: 0.00 GB write, 0.00 MB/s write, 0.00 GB read, 0.00 MB/s read, 0.0 seconds
Stalls(count): 0 level0_slowdown, 0 level0_slowdown_with_compaction, 0 level0_numfiles, 0 level0_numfiles_with_compaction, 0 stop for pending_compaction_bytes, 0 slowdown for pending_compaction_bytes, 0 memtable_compaction, 0 memtable_slowdown, interval 0 total count

** File Read Latency Histogram By Level [default] **
** Level 0 read latency histogram (micros):
Count: 35 Average: 182.5714  StdDev: 464.25
Min: 1  Median: 2.3000  Max: 1881
Percentiles: P50: 2.30 P75: 4.50 P99: 1795.00 P99.9: 1881.00 P99.99: 1881.00
------------------------------------------------------
[       0,       1 ]        1   2.857%   2.857% #
(       1,       2 ]       15  42.857%  45.714% #########
(       2,       3 ]        5  14.286%  60.000% ###
(       3,       4 ]        5  14.286%  74.286% ###
(       4,       6 ]        1   2.857%  77.143% #
(       6,      10 ]        1   2.857%  80.000% #
(      22,      34 ]        1   2.857%  82.857% #
(     110,     170 ]        1   2.857%  85.714% #
(     380,     580 ]        1   2.857%  88.571% #
(     580,     870 ]        1   2.857%  91.429% #
(     870,    1300 ]        1   2.857%  94.286% #
(    1300,    1900 ]        2   5.714% 100.000% #


** Compaction Stats [Configuration] **
Level    Files   Size     Score Read(GB)  Rn(GB) Rnp1(GB) Write(GB) Wnew(GB) Moved(GB) W-Amp Rd(MB/s) Wr(MB/s) Comp(sec) Comp(cnt) Avg(sec) KeyIn KeyDrop
----------------------------------------------------------------------------------------------------------------------------------------------------------
  L0      7/0    5.96 KB   0.7      0.0     0.0      0.0       0.0      0.0       0.0   1.0      0.0      0.3         0         1    0.003       0      0
 Sum      7/0    5.96 KB   0.0      0.0     0.0      0.0       0.0      0.0       0.0   1.0      0.0      0.3         0         1    0.003       0      0
 Int      0/0    0.00 KB   0.0      0.0     0.0      0.0       0.0      0.0       0.0   0.0      0.0      0.0         0         0    0.000       0      0
Uptime(secs): 0.0 total, 0.0 interval
Flush(GB): cumulative 0.000, interval 0.000
AddFile(GB): cumulative 0.000, interval 0.000
AddFile(Total Files): cumulative 0, interval 0
AddFile(L0 Files): cumulative 0, interval 0
AddFile(Keys): cumulative 0, interval 0
Cumulative compaction: 0.00 GB write, 0.02 MB/s write, 0.00 GB read, 0.00 MB/s read, 0.0 seconds
Interval compaction: 0.00 GB write, 0.00 MB/s write, 0.00 GB read, 0.00 MB/s read, 0.0 seconds
Stalls(count): 0 level0_slowdown, 0 level0_slowdown_with_compaction, 0 level0_numfiles, 0 level0_numfiles_with_compaction, 0 stop for pending_compaction_bytes, 0 slowdown for pending_compaction_bytes, 0 memtable_compaction, 0 memtable_slowdown, interval 0 total count

** File Read Latency Histogram By Level [Configuration] **
** Level 0 read latency histogram (micros):
Count: 48 Average: 134.9167  StdDev: 413.33
Min: 1  Median: 1.8750  Max: 1956
Percentiles: P50: 1.88 P75: 3.25 P99: 1612.00 P99.9: 1871.20 P99.99: 1897.12
------------------------------------------------------
[       0,       1 ]        3   6.250%   6.250% #
(       1,       2 ]       24  50.000%  56.250% ##########
(       2,       3 ]        8  16.667%  72.917% ###
(       3,       4 ]        4   8.333%  81.250% ##
(       4,       6 ]        2   4.167%  85.417% #
(       6,      10 ]        1   2.083%  87.500% 
(      15,      22 ]        1   2.083%  89.583% 
(     110,     170 ]        1   2.083%  91.667% 
(     380,     580 ]        1   2.083%  93.750% 
(     580,     870 ]        1   2.083%  95.833% 
(     870,    1300 ]        1   2.083%  97.917% 
(    1300,    1900 ]        1   2.083% 100.000% 
(    1900,    2900 ]        1   2.083% 102.083% 

2021/11/18-10:22:40.714493 18ca4 [WARN] [db\db_impl.cc:617] STATISTICS:
 rocksdb.block.cache.miss COUNT : 28
rocksdb.block.cache.hit COUNT : 7
rocksdb.block.cache.add COUNT : 28
rocksdb.block.cache.add.failures COUNT : 0
rocksdb.block.cache.index.miss COUNT : 7
rocksdb.block.cache.index.hit COUNT : 7
rocksdb.block.cache.index.add COUNT : 7
rocksdb.block.cache.index.bytes.insert COUNT : 714
rocksdb.block.cache.index.bytes.evict COUNT : 0
rocksdb.block.cache.filter.miss COUNT : 0
rocksdb.block.cache.filter.hit COUNT : 0
rocksdb.block.cache.filter.add COUNT : 0
rocksdb.block.cache.filter.bytes.insert COUNT : 0
rocksdb.block.cache.filter.bytes.evict COUNT : 0
rocksdb.block.cache.data.miss COUNT : 21
rocksdb.block.cache.data.hit COUNT : 0
rocksdb.block.cache.data.add COUNT : 21
rocksdb.block.cache.data.bytes.insert COUNT : 2857
rocksdb.block.cache.bytes.read COUNT : 714
rocksdb.block.cache.bytes.write COUNT : 3571
rocksdb.bloom.filter.useful COUNT : 0
rocksdb.bloom.filter.full.positive COUNT : 0
rocksdb.bloom.filter.full.true.positive COUNT : 0
rocksdb.persistent.cache.hit COUNT : 0
rocksdb.persistent.cache.miss COUNT : 0
rocksdb.sim.block.cache.hit COUNT : 0
rocksdb.sim.block.cache.miss COUNT : 0
rocksdb.memtable.hit COUNT : 0
rocksdb.memtable.miss COUNT : 0
rocksdb.l0.hit COUNT : 0
rocksdb.l1.hit COUNT : 0
rocksdb.l2andup.hit COUNT : 0
rocksdb.compaction.key.drop.new COUNT : 0
rocksdb.compaction.key.drop.obsolete COUNT : 0
rocksdb.compaction.key.drop.range_del COUNT : 0
rocksdb.compaction.key.drop.user COUNT : 0
rocksdb.compaction.range_del.drop.obsolete COUNT : 0
rocksdb.compaction.optimized.del.drop.obsolete COUNT : 0
rocksdb.compaction.cancelled COUNT : 0
rocksdb.number.keys.written COUNT : 1
rocksdb.number.keys.read COUNT : 0
rocksdb.number.keys.updated COUNT : 0
rocksdb.bytes.written COUNT : 31
rocksdb.bytes.read COUNT : 0
rocksdb.number.db.seek COUNT : 2
rocksdb.number.db.next COUNT : 1
rocksdb.number.db.prev COUNT : 0
rocksdb.number.db.seek.found COUNT : 1
rocksdb.number.db.next.found COUNT : 0
rocksdb.number.db.prev.found COUNT : 0
rocksdb.db.iter.bytes.read COUNT : 26
rocksdb.no.file.closes COUNT : 0
rocksdb.no.file.opens COUNT : 14
rocksdb.no.file.errors COUNT : 0
rocksdb.l0.slowdown.micros COUNT : 0
rocksdb.memtable.compaction.micros COUNT : 0
rocksdb.l0.num.files.stall.micros COUNT : 0
rocksdb.stall.micros COUNT : 0
rocksdb.db.mutex.wait.micros COUNT : 0
rocksdb.rate.limit.delay.millis COUNT : 0
rocksdb.num.iterators COUNT : 0
rocksdb.number.multiget.get COUNT : 0
rocksdb.number.multiget.keys.read COUNT : 0
rocksdb.number.multiget.bytes.read COUNT : 0
rocksdb.number.deletes.filtered COUNT : 0
rocksdb.number.merge.failures COUNT : 0
rocksdb.bloom.filter.prefix.checked COUNT : 0
rocksdb.bloom.filter.prefix.useful COUNT : 0
rocksdb.number.reseeks.iteration COUNT : 0
rocksdb.getupdatessince.calls COUNT : 0
rocksdb.block.cachecompressed.miss COUNT : 0
rocksdb.block.cachecompressed.hit COUNT : 0
rocksdb.block.cachecompressed.add COUNT : 0
rocksdb.block.cachecompressed.add.failures COUNT : 0
rocksdb.wal.synced COUNT : 0
rocksdb.wal.bytes COUNT : 0
rocksdb.write.self COUNT : 1
rocksdb.write.other COUNT : 0
rocksdb.write.timeout COUNT : 0
rocksdb.write.wal COUNT : 1
rocksdb.compact.read.bytes COUNT : 0
rocksdb.compact.write.bytes COUNT : 1624
rocksdb.flush.write.bytes COUNT : 0
rocksdb.number.direct.load.table.properties COUNT : 0
rocksdb.number.superversion_acquires COUNT : 2
rocksdb.number.superversion_releases COUNT : 0
rocksdb.number.superversion_cleanups COUNT : 0
rocksdb.number.block.compressed COUNT : 1
rocksdb.number.block.decompressed COUNT : 7
rocksdb.number.block.not_compressed COUNT : 0
rocksdb.merge.operation.time.nanos COUNT : 0
rocksdb.filter.operation.time.nanos COUNT : 0
rocksdb.row.cache.hit COUNT : 0
rocksdb.row.cache.miss COUNT : 0
rocksdb.read.amp.estimate.useful.bytes COUNT : 0
rocksdb.read.amp.total.read.bytes COUNT : 0
rocksdb.number.rate_limiter.drains COUNT : 0
rocksdb.number.iter.skip COUNT : 6
rocksdb.blobdb.num.put COUNT : 0
rocksdb.blobdb.num.write COUNT : 0
rocksdb.blobdb.num.get COUNT : 0
rocksdb.blobdb.num.multiget COUNT : 0
rocksdb.blobdb.num.seek COUNT : 0
rocksdb.blobdb.num.next COUNT : 0
rocksdb.blobdb.num.prev COUNT : 0
rocksdb.blobdb.num.keys.written COUNT : 0
rocksdb.blobdb.num.keys.read COUNT : 0
rocksdb.blobdb.bytes.written COUNT : 0
rocksdb.blobdb.bytes.read COUNT : 0
rocksdb.blobdb.write.inlined COUNT : 0
rocksdb.blobdb.write.inlined.ttl COUNT : 0
rocksdb.blobdb.write.blob COUNT : 0
rocksdb.blobdb.write.blob.ttl COUNT : 0
rocksdb.blobdb.blob.file.bytes.written COUNT : 0
rocksdb.blobdb.blob.file.bytes.read COUNT : 0
rocksdb.blobdb.blob.file.synced COUNT : 0
rocksdb.blobdb.blob.index.expired.count COUNT : 0
rocksdb.blobdb.blob.index.expired.size COUNT : 0
rocksdb.blobdb.blob.index.evicted.count COUNT : 0
rocksdb.blobdb.blob.index.evicted.size COUNT : 0
rocksdb.blobdb.gc.num.files COUNT : 0
rocksdb.blobdb.gc.num.new.files COUNT : 0
rocksdb.blobdb.gc.failures COUNT : 0
rocksdb.blobdb.gc.num.keys.overwritten COUNT : 0
rocksdb.blobdb.gc.num.keys.expired COUNT : 0
rocksdb.blobdb.gc.num.keys.relocated COUNT : 0
rocksdb.blobdb.gc.bytes.overwritten COUNT : 0
rocksdb.blobdb.gc.bytes.expired COUNT : 0
rocksdb.blobdb.gc.bytes.relocated COUNT : 0
rocksdb.blobdb.fifo.num.files.evicted COUNT : 0
rocksdb.blobdb.fifo.num.keys.evicted COUNT : 0
rocksdb.blobdb.fifo.bytes.evicted COUNT : 0
rocksdb.txn.overhead.mutex.prepare COUNT : 0
rocksdb.txn.overhead.mutex.old.commit.map COUNT : 0
rocksdb.txn.overhead.duplicate.key COUNT : 0
rocksdb.txn.overhead.mutex.snapshot COUNT : 0
rocksdb.number.multiget.keys.found COUNT : 0
rocksdb.num.iterator.created COUNT : 2
rocksdb.num.iterator.deleted COUNT : 2
