2021/11/25-09:52:14.186543 66b4 RocksDB version: 5.18.4
2021/11/25-09:52:14.186671 66b4 Git sha rocksdb_build_git_sha:@b9a4a10659969c71e6f6eab4e4bae8c36ede919f@
2021/11/25-09:52:14.186703 66b4 Compile date Mar 11 2020
2021/11/25-09:52:14.186725 66b4 DB SUMMARY
2021/11/25-09:52:14.186944 66b4 CURRENT file:  CURRENT
2021/11/25-09:52:14.186969 66b4 IDENTITY file:  IDENTITY
2021/11/25-09:52:14.187005 66b4 MANIFEST file:  MANIFEST-000064 size: 595 Bytes
2021/11/25-09:52:14.187027 66b4 SST files in D:\Developer\bishe\nacos\data\protocol\raft\naming_service_metadata\log dir, Total Num: 9, files: 000049.sst 000051.sst 000053.sst 000055.sst 000057.sst 000059.sst 000061.sst 000063.sst 000065.sst 
2021/11/25-09:52:14.187049 66b4 Write Ahead Log file in D:\Developer\bishe\nacos\data\protocol\raft\naming_service_metadata\log: 000066.log size: 3715 ; 
2021/11/25-09:52:14.187185 66b4                         Options.error_if_exists: 0
2021/11/25-09:52:14.187199 66b4                       Options.create_if_missing: 1
2021/11/25-09:52:14.187208 66b4                         Options.paranoid_checks: 1
2021/11/25-09:52:14.187217 66b4                                     Options.env: 000002635C598AA0
2021/11/25-09:52:14.187226 66b4                                Options.info_log: 000002635B2A8FF0
2021/11/25-09:52:14.187234 66b4                Options.max_file_opening_threads: 16
2021/11/25-09:52:14.187243 66b4                              Options.statistics: 00000263592B5970
2021/11/25-09:52:14.187252 66b4                               Options.use_fsync: 0
2021/11/25-09:52:14.187260 66b4                       Options.max_log_file_size: 0
2021/11/25-09:52:14.187269 66b4                  Options.max_manifest_file_size: 1073741824
2021/11/25-09:52:14.187278 66b4                   Options.log_file_time_to_roll: 0
2021/11/25-09:52:14.187286 66b4                       Options.keep_log_file_num: 1000
2021/11/25-09:52:14.187295 66b4                    Options.recycle_log_file_num: 0
2021/11/25-09:52:14.187304 66b4                         Options.allow_fallocate: 1
2021/11/25-09:52:14.187313 66b4                        Options.allow_mmap_reads: 0
2021/11/25-09:52:14.187321 66b4                       Options.allow_mmap_writes: 0
2021/11/25-09:52:14.187330 66b4                        Options.use_direct_reads: 0
2021/11/25-09:52:14.187338 66b4                        Options.use_direct_io_for_flush_and_compaction: 0
2021/11/25-09:52:14.187347 66b4          Options.create_missing_column_families: 1
2021/11/25-09:52:14.187355 66b4                              Options.db_log_dir: 
2021/11/25-09:52:14.187364 66b4                                 Options.wal_dir: D:\Developer\bishe\nacos\data\protocol\raft\naming_service_metadata\log
2021/11/25-09:52:14.187372 66b4                Options.table_cache_numshardbits: 6
2021/11/25-09:52:14.187381 66b4                      Options.max_subcompactions: 1
2021/11/25-09:52:14.187389 66b4                  Options.max_background_flushes: 1
2021/11/25-09:52:14.187397 66b4                         Options.WAL_ttl_seconds: 0
2021/11/25-09:52:14.187406 66b4                       Options.WAL_size_limit_MB: 0
2021/11/25-09:52:14.187414 66b4             Options.manifest_preallocation_size: 4194304
2021/11/25-09:52:14.187423 66b4                     Options.is_fd_close_on_exec: 1
2021/11/25-09:52:14.187432 66b4                   Options.advise_random_on_open: 1
2021/11/25-09:52:14.187440 66b4                    Options.db_write_buffer_size: 0
2021/11/25-09:52:14.187449 66b4                    Options.write_buffer_manager: 00000263590183D0
2021/11/25-09:52:14.187457 66b4         Options.access_hint_on_compaction_start: 1
2021/11/25-09:52:14.187466 66b4  Options.new_table_reader_for_compaction_inputs: 0
2021/11/25-09:52:14.187474 66b4           Options.random_access_max_buffer_size: 1048576
2021/11/25-09:52:14.187482 66b4                      Options.use_adaptive_mutex: 0
2021/11/25-09:52:14.187491 66b4                            Options.rate_limiter: 0000000000000000
2021/11/25-09:52:14.187500 66b4     Options.sst_file_manager.rate_bytes_per_sec: 0
2021/11/25-09:52:14.187542 66b4                       Options.wal_recovery_mode: 2
2021/11/25-09:52:14.187552 66b4                  Options.enable_thread_tracking: 0
2021/11/25-09:52:14.187561 66b4                  Options.enable_pipelined_write: 0
2021/11/25-09:52:14.187571 66b4         Options.allow_concurrent_memtable_write: 1
2021/11/25-09:52:14.187580 66b4      Options.enable_write_thread_adaptive_yield: 1
2021/11/25-09:52:14.187590 66b4             Options.write_thread_max_yield_usec: 100
2021/11/25-09:52:14.187600 66b4            Options.write_thread_slow_yield_usec: 3
2021/11/25-09:52:14.187609 66b4                               Options.row_cache: None
2021/11/25-09:52:14.187618 66b4                              Options.wal_filter: None
2021/11/25-09:52:14.187627 66b4             Options.avoid_flush_during_recovery: 0
2021/11/25-09:52:14.187636 66b4             Options.allow_ingest_behind: 0
2021/11/25-09:52:14.187644 66b4             Options.preserve_deletes: 0
2021/11/25-09:52:14.187653 66b4             Options.two_write_queues: 0
2021/11/25-09:52:14.187661 66b4             Options.manual_wal_flush: 0
2021/11/25-09:52:14.187670 66b4             Options.max_background_jobs: 2
2021/11/25-09:52:14.187678 66b4             Options.max_background_compactions: 4
2021/11/25-09:52:14.187687 66b4             Options.avoid_flush_during_shutdown: 0
2021/11/25-09:52:14.187695 66b4           Options.writable_file_max_buffer_size: 1048576
2021/11/25-09:52:14.187704 66b4             Options.delayed_write_rate : 16777216
2021/11/25-09:52:14.187712 66b4             Options.max_total_wal_size: 0
2021/11/25-09:52:14.187720 66b4             Options.delete_obsolete_files_period_micros: 21600000000
2021/11/25-09:52:14.187729 66b4                   Options.stats_dump_period_sec: 600
2021/11/25-09:52:14.187738 66b4                          Options.max_open_files: -1
2021/11/25-09:52:14.187746 66b4                          Options.bytes_per_sync: 0
2021/11/25-09:52:14.187755 66b4                      Options.wal_bytes_per_sync: 0
2021/11/25-09:52:14.187763 66b4       Options.compaction_readahead_size: 0
2021/11/25-09:52:14.187772 66b4 Compression algorithms supported:
2021/11/25-09:52:14.187781 66b4 	kZSTD supported: 1
2021/11/25-09:52:14.187790 66b4 	kSnappyCompression supported: 1
2021/11/25-09:52:14.187800 66b4 	kBZip2Compression supported: 0
2021/11/25-09:52:14.187814 66b4 	kZlibCompression supported: 1
2021/11/25-09:52:14.187830 66b4 	kLZ4Compression supported: 1
2021/11/25-09:52:14.187848 66b4 	kXpressCompression supported: 0
2021/11/25-09:52:14.187864 66b4 	kLZ4HCCompression supported: 1
2021/11/25-09:52:14.187875 66b4 	kZSTDNotFinalCompression supported: 1
2021/11/25-09:52:14.187892 66b4 Fast CRC32 supported: Supported on x86
2021/11/25-09:52:14.189084 66b4 [db\version_set.cc:3508] Recovering from manifest file: MANIFEST-000064
2021/11/25-09:52:14.189310 66b4 [db\column_family.cc:474] --------------- Options for column family [default]:
2021/11/25-09:52:14.189324 66b4               Options.comparator: leveldb.BytewiseComparator
2021/11/25-09:52:14.189334 66b4           Options.merge_operator: StringAppendOperator
2021/11/25-09:52:14.189343 66b4        Options.compaction_filter: None
2021/11/25-09:52:14.189352 66b4        Options.compaction_filter_factory: None
2021/11/25-09:52:14.189361 66b4         Options.memtable_factory: SkipListFactory
2021/11/25-09:52:14.189369 66b4            Options.table_factory: BlockBasedTable
2021/11/25-09:52:14.189396 66b4            table_factory options:   flush_block_policy_factory: FlushBlockBySizePolicyFactory (0000026357A571E0)
  cache_index_and_filter_blocks: 0
  cache_index_and_filter_blocks_with_high_priority: 1
  pin_l0_filter_and_index_blocks_in_cache: 1
  pin_top_level_index_and_filter: 1
  index_type: 2
  hash_index_allow_collision: 1
  checksum: 1
  no_block_cache: 0
  block_cache: 0000026357564B30
  block_cache_name: LRUCache
  block_cache_options:
    capacity : 536870912
    num_shard_bits : 8
    strict_capacity_limit : 0
    memory_allocator : None
    high_pri_pool_ratio: 0.000
  block_cache_compressed: 0000000000000000
  persistent_cache: 0000000000000000
  block_size: 4096
  block_size_deviation: 10
  block_restart_interval: 16
  index_block_restart_interval: 1
  metadata_block_size: 8192
  partition_filters: 1
  use_delta_encoding: 1
  filter_policy: nullptr
  whole_key_filtering: 1
  verify_compression: 0
  read_amp_bytes_per_bit: 0
  format_version: 0
  enable_index_compression: 1
  block_align: 0
2021/11/25-09:52:14.189452 66b4        Options.write_buffer_size: 67108864
2021/11/25-09:52:14.189462 66b4  Options.max_write_buffer_number: 3
2021/11/25-09:52:14.189471 66b4          Options.compression: Snappy
2021/11/25-09:52:14.189479 66b4                  Options.bottommost_compression: Disabled
2021/11/25-09:52:14.189488 66b4       Options.prefix_extractor: rocksdb.FixedPrefix.8
2021/11/25-09:52:14.189496 66b4   Options.memtable_insert_with_hint_prefix_extractor: nullptr
2021/11/25-09:52:14.189505 66b4             Options.num_levels: 7
2021/11/25-09:52:14.189514 66b4        Options.min_write_buffer_number_to_merge: 1
2021/11/25-09:52:14.189522 66b4     Options.max_write_buffer_number_to_maintain: 0
2021/11/25-09:52:14.189531 66b4            Options.bottommost_compression_opts.window_bits: -14
2021/11/25-09:52:14.189540 66b4                  Options.bottommost_compression_opts.level: 32767
2021/11/25-09:52:14.189548 66b4               Options.bottommost_compression_opts.strategy: 0
2021/11/25-09:52:14.189557 66b4         Options.bottommost_compression_opts.max_dict_bytes: 0
2021/11/25-09:52:14.189566 66b4         Options.bottommost_compression_opts.zstd_max_train_bytes: 0
2021/11/25-09:52:14.189574 66b4                  Options.bottommost_compression_opts.enabled: false
2021/11/25-09:52:14.189583 66b4            Options.compression_opts.window_bits: -14
2021/11/25-09:52:14.189592 66b4                  Options.compression_opts.level: 32767
2021/11/25-09:52:14.189600 66b4               Options.compression_opts.strategy: 0
2021/11/25-09:52:14.189609 66b4         Options.compression_opts.max_dict_bytes: 0
2021/11/25-09:52:14.189620 66b4         Options.compression_opts.zstd_max_train_bytes: 0
2021/11/25-09:52:14.189629 66b4                  Options.compression_opts.enabled: false
2021/11/25-09:52:14.189638 66b4      Options.level0_file_num_compaction_trigger: 10
2021/11/25-09:52:14.189646 66b4          Options.level0_slowdown_writes_trigger: 20
2021/11/25-09:52:14.189654 66b4              Options.level0_stop_writes_trigger: 40
2021/11/25-09:52:14.189663 66b4                   Options.target_file_size_base: 67108864
2021/11/25-09:52:14.189671 66b4             Options.target_file_size_multiplier: 1
2021/11/25-09:52:14.189680 66b4                Options.max_bytes_for_level_base: 536870912
2021/11/25-09:52:14.189688 66b4 Options.level_compaction_dynamic_level_bytes: 0
2021/11/25-09:52:14.189697 66b4          Options.max_bytes_for_level_multiplier: 10.000000
2021/11/25-09:52:14.189707 66b4 Options.max_bytes_for_level_multiplier_addtl[0]: 1
2021/11/25-09:52:14.189716 66b4 Options.max_bytes_for_level_multiplier_addtl[1]: 1
2021/11/25-09:52:14.189724 66b4 Options.max_bytes_for_level_multiplier_addtl[2]: 1
2021/11/25-09:52:14.189733 66b4 Options.max_bytes_for_level_multiplier_addtl[3]: 1
2021/11/25-09:52:14.189741 66b4 Options.max_bytes_for_level_multiplier_addtl[4]: 1
2021/11/25-09:52:14.189750 66b4 Options.max_bytes_for_level_multiplier_addtl[5]: 1
2021/11/25-09:52:14.189758 66b4 Options.max_bytes_for_level_multiplier_addtl[6]: 1
2021/11/25-09:52:14.189767 66b4       Options.max_sequential_skip_in_iterations: 8
2021/11/25-09:52:14.189775 66b4                    Options.max_compaction_bytes: 1677721600
2021/11/25-09:52:14.189784 66b4                        Options.arena_block_size: 8388608
2021/11/25-09:52:14.189792 66b4   Options.soft_pending_compaction_bytes_limit: 68719476736
2021/11/25-09:52:14.189801 66b4   Options.hard_pending_compaction_bytes_limit: 274877906944
2021/11/25-09:52:14.189810 66b4       Options.rate_limit_delay_max_milliseconds: 100
2021/11/25-09:52:14.189818 66b4                Options.disable_auto_compactions: 0
2021/11/25-09:52:14.189829 66b4                        Options.compaction_style: kCompactionStyleLevel
2021/11/25-09:52:14.189840 66b4                          Options.compaction_pri: kByCompensatedSize
2021/11/25-09:52:14.189848 66b4 Options.compaction_options_universal.size_ratio: 1
2021/11/25-09:52:14.189857 66b4 Options.compaction_options_universal.min_merge_width: 2
2021/11/25-09:52:14.189865 66b4 Options.compaction_options_universal.max_merge_width: 4294967295
2021/11/25-09:52:14.189874 66b4 Options.compaction_options_universal.max_size_amplification_percent: 200
2021/11/25-09:52:14.189883 66b4 Options.compaction_options_universal.compression_size_percent: -1
2021/11/25-09:52:14.189892 66b4 Options.compaction_options_universal.stop_style: kCompactionStopStyleTotalSize
2021/11/25-09:52:14.189901 66b4 Options.compaction_options_fifo.max_table_files_size: 1073741824
2021/11/25-09:52:14.189909 66b4 Options.compaction_options_fifo.allow_compaction: 0
2021/11/25-09:52:14.189918 66b4 Options.compaction_options_fifo.ttl: 0
2021/11/25-09:52:14.189926 66b4                   Options.table_properties_collectors: 
2021/11/25-09:52:14.189935 66b4                   Options.inplace_update_support: 0
2021/11/25-09:52:14.189944 66b4                 Options.inplace_update_num_locks: 10000
2021/11/25-09:52:14.189952 66b4               Options.memtable_prefix_bloom_size_ratio: 0.125000
2021/11/25-09:52:14.189961 66b4   Options.memtable_huge_page_size: 0
2021/11/25-09:52:14.189970 66b4                           Options.bloom_locality: 0
2021/11/25-09:52:14.189979 66b4                    Options.max_successive_merges: 0
2021/11/25-09:52:14.189987 66b4                Options.optimize_filters_for_hits: 0
2021/11/25-09:52:14.189996 66b4                Options.paranoid_file_checks: 0
2021/11/25-09:52:14.190004 66b4                Options.force_consistency_checks: 1
2021/11/25-09:52:14.190012 66b4                Options.report_bg_io_stats: 0
2021/11/25-09:52:14.190021 66b4                               Options.ttl: 0
2021/11/25-09:52:14.192993 66b4 [db\column_family.cc:474] --------------- Options for column family [Configuration]:
2021/11/25-09:52:14.193028 66b4               Options.comparator: leveldb.BytewiseComparator
2021/11/25-09:52:14.193038 66b4           Options.merge_operator: StringAppendOperator
2021/11/25-09:52:14.193047 66b4        Options.compaction_filter: None
2021/11/25-09:52:14.193056 66b4        Options.compaction_filter_factory: None
2021/11/25-09:52:14.193065 66b4         Options.memtable_factory: SkipListFactory
2021/11/25-09:52:14.193074 66b4            Options.table_factory: BlockBasedTable
2021/11/25-09:52:14.193100 66b4            table_factory options:   flush_block_policy_factory: FlushBlockBySizePolicyFactory (0000026357A571E0)
  cache_index_and_filter_blocks: 0
  cache_index_and_filter_blocks_with_high_priority: 1
  pin_l0_filter_and_index_blocks_in_cache: 1
  pin_top_level_index_and_filter: 1
  index_type: 2
  hash_index_allow_collision: 1
  checksum: 1
  no_block_cache: 0
  block_cache: 0000026357564B30
  block_cache_name: LRUCache
  block_cache_options:
    capacity : 536870912
    num_shard_bits : 8
    strict_capacity_limit : 0
    memory_allocator : None
    high_pri_pool_ratio: 0.000
  block_cache_compressed: 0000000000000000
  persistent_cache: 0000000000000000
  block_size: 4096
  block_size_deviation: 10
  block_restart_interval: 16
  index_block_restart_interval: 1
  metadata_block_size: 8192
  partition_filters: 1
  use_delta_encoding: 1
  filter_policy: nullptr
  whole_key_filtering: 1
  verify_compression: 0
  read_amp_bytes_per_bit: 0
  format_version: 0
  enable_index_compression: 1
  block_align: 0
2021/11/25-09:52:14.193109 66b4        Options.write_buffer_size: 67108864
2021/11/25-09:52:14.193118 66b4  Options.max_write_buffer_number: 3
2021/11/25-09:52:14.193127 66b4          Options.compression: Snappy
2021/11/25-09:52:14.193135 66b4                  Options.bottommost_compression: Disabled
2021/11/25-09:52:14.193144 66b4       Options.prefix_extractor: rocksdb.FixedPrefix.8
2021/11/25-09:52:14.193203 66b4   Options.memtable_insert_with_hint_prefix_extractor: nullptr
2021/11/25-09:52:14.193214 66b4             Options.num_levels: 7
2021/11/25-09:52:14.193223 66b4        Options.min_write_buffer_number_to_merge: 1
2021/11/25-09:52:14.193231 66b4     Options.max_write_buffer_number_to_maintain: 0
2021/11/25-09:52:14.193240 66b4            Options.bottommost_compression_opts.window_bits: -14
2021/11/25-09:52:14.193248 66b4                  Options.bottommost_compression_opts.level: 32767
2021/11/25-09:52:14.193257 66b4               Options.bottommost_compression_opts.strategy: 0
2021/11/25-09:52:14.193266 66b4         Options.bottommost_compression_opts.max_dict_bytes: 0
2021/11/25-09:52:14.193274 66b4         Options.bottommost_compression_opts.zstd_max_train_bytes: 0
2021/11/25-09:52:14.193283 66b4                  Options.bottommost_compression_opts.enabled: false
2021/11/25-09:52:14.193292 66b4            Options.compression_opts.window_bits: -14
2021/11/25-09:52:14.193301 66b4                  Options.compression_opts.level: 32767
2021/11/25-09:52:14.193309 66b4               Options.compression_opts.strategy: 0
2021/11/25-09:52:14.193318 66b4         Options.compression_opts.max_dict_bytes: 0
2021/11/25-09:52:14.193326 66b4         Options.compression_opts.zstd_max_train_bytes: 0
2021/11/25-09:52:14.193335 66b4                  Options.compression_opts.enabled: false
2021/11/25-09:52:14.193343 66b4      Options.level0_file_num_compaction_trigger: 10
2021/11/25-09:52:14.193352 66b4          Options.level0_slowdown_writes_trigger: 20
2021/11/25-09:52:14.193360 66b4              Options.level0_stop_writes_trigger: 40
2021/11/25-09:52:14.193368 66b4                   Options.target_file_size_base: 67108864
2021/11/25-09:52:14.193377 66b4             Options.target_file_size_multiplier: 1
2021/11/25-09:52:14.193385 66b4                Options.max_bytes_for_level_base: 536870912
2021/11/25-09:52:14.193394 66b4 Options.level_compaction_dynamic_level_bytes: 0
2021/11/25-09:52:14.193402 66b4          Options.max_bytes_for_level_multiplier: 10.000000
2021/11/25-09:52:14.193412 66b4 Options.max_bytes_for_level_multiplier_addtl[0]: 1
2021/11/25-09:52:14.193421 66b4 Options.max_bytes_for_level_multiplier_addtl[1]: 1
2021/11/25-09:52:14.193429 66b4 Options.max_bytes_for_level_multiplier_addtl[2]: 1
2021/11/25-09:52:14.193438 66b4 Options.max_bytes_for_level_multiplier_addtl[3]: 1
2021/11/25-09:52:14.193446 66b4 Options.max_bytes_for_level_multiplier_addtl[4]: 1
2021/11/25-09:52:14.193455 66b4 Options.max_bytes_for_level_multiplier_addtl[5]: 1
2021/11/25-09:52:14.193463 66b4 Options.max_bytes_for_level_multiplier_addtl[6]: 1
2021/11/25-09:52:14.193472 66b4       Options.max_sequential_skip_in_iterations: 8
2021/11/25-09:52:14.193480 66b4                    Options.max_compaction_bytes: 1677721600
2021/11/25-09:52:14.193488 66b4                        Options.arena_block_size: 8388608
2021/11/25-09:52:14.193497 66b4   Options.soft_pending_compaction_bytes_limit: 68719476736
2021/11/25-09:52:14.193506 66b4   Options.hard_pending_compaction_bytes_limit: 274877906944
2021/11/25-09:52:14.193514 66b4       Options.rate_limit_delay_max_milliseconds: 100
2021/11/25-09:52:14.193525 66b4                Options.disable_auto_compactions: 0
2021/11/25-09:52:14.193535 66b4                        Options.compaction_style: kCompactionStyleLevel
2021/11/25-09:52:14.193545 66b4                          Options.compaction_pri: kByCompensatedSize
2021/11/25-09:52:14.193553 66b4 Options.compaction_options_universal.size_ratio: 1
2021/11/25-09:52:14.193562 66b4 Options.compaction_options_universal.min_merge_width: 2
2021/11/25-09:52:14.193570 66b4 Options.compaction_options_universal.max_merge_width: 4294967295
2021/11/25-09:52:14.193579 66b4 Options.compaction_options_universal.max_size_amplification_percent: 200
2021/11/25-09:52:14.193588 66b4 Options.compaction_options_universal.compression_size_percent: -1
2021/11/25-09:52:14.193597 66b4 Options.compaction_options_universal.stop_style: kCompactionStopStyleTotalSize
2021/11/25-09:52:14.193606 66b4 Options.compaction_options_fifo.max_table_files_size: 1073741824
2021/11/25-09:52:14.193616 66b4 Options.compaction_options_fifo.allow_compaction: 0
2021/11/25-09:52:14.193627 66b4 Options.compaction_options_fifo.ttl: 0
2021/11/25-09:52:14.193635 66b4                   Options.table_properties_collectors: 
2021/11/25-09:52:14.193644 66b4                   Options.inplace_update_support: 0
2021/11/25-09:52:14.193652 66b4                 Options.inplace_update_num_locks: 10000
2021/11/25-09:52:14.193661 66b4               Options.memtable_prefix_bloom_size_ratio: 0.125000
2021/11/25-09:52:14.193670 66b4   Options.memtable_huge_page_size: 0
2021/11/25-09:52:14.193678 66b4                           Options.bloom_locality: 0
2021/11/25-09:52:14.193687 66b4                    Options.max_successive_merges: 0
2021/11/25-09:52:14.193696 66b4                Options.optimize_filters_for_hits: 0
2021/11/25-09:52:14.193705 66b4                Options.paranoid_file_checks: 0
2021/11/25-09:52:14.193713 66b4                Options.force_consistency_checks: 1
2021/11/25-09:52:14.193722 66b4                Options.report_bg_io_stats: 0
2021/11/25-09:52:14.193730 66b4                               Options.ttl: 0
2021/11/25-09:52:14.199069 66b4 [db\version_set.cc:3724] Recovered from manifest file:D:\Developer\bishe\nacos\data\protocol\raft\naming_service_metadata\log/MANIFEST-000064 succeeded,manifest_file_number is 64, next_file_number is 67, last_sequence is 1258, log_number is 0,prev_log_number is 0,max_column_family is 1,min_log_number_to_keep is 0
2021/11/25-09:52:14.199098 66b4 [db\version_set.cc:3732] Column family [default] (ID 0), log number is 63
2021/11/25-09:52:14.199107 66b4 [db\version_set.cc:3732] Column family [Configuration] (ID 1), log number is 63
2021/11/25-09:52:14.199519 66b4 EVENT_LOG_v1 {"time_micros": 1637805134199509, "job": 1, "event": "recovery_started", "log_files": [66]}
2021/11/25-09:52:14.199539 66b4 [db\db_impl_open.cc:578] Recovering log #66 mode 2
2021/11/25-09:52:14.202640 66b4 EVENT_LOG_v1 {"time_micros": 1637805134202616, "cf_name": "default", "job": 1, "event": "table_file_creation", "file_number": 67, "file_size": 747, "table_properties": {"data_size": 0, "index_size": 13, "filter_size": 0, "raw_key_size": 32, "raw_average_key_size": 0, "raw_value_size": 16, "raw_average_value_size": 0, "num_data_blocks": 0, "num_entries": 0, "filter_policy_name": ""}}
2021/11/25-09:52:14.205888 66b4 [db\version_set.cc:3037] Creating manifest 68
2021/11/25-09:52:14.213538 66b4 EVENT_LOG_v1 {"time_micros": 1637805134213520, "cf_name": "Configuration", "job": 1, "event": "table_file_creation", "file_number": 69, "file_size": 877, "table_properties": {"data_size": 44, "index_size": 49, "filter_size": 0, "raw_key_size": 58, "raw_average_key_size": 58, "raw_value_size": 24, "raw_average_value_size": 24, "num_data_blocks": 1, "num_entries": 1, "filter_policy_name": ""}}
2021/11/25-09:52:14.217938 66b4 EVENT_LOG_v1 {"time_micros": 1637805134217928, "job": 1, "event": "recovery_finished"}
2021/11/25-09:52:14.225211 66b4 [db\db_impl_open.cc:1314] DB pointer 000002635F940E40
2021/11/25-09:52:14.225661 2ba4 [WARN] [db\db_impl.cc:669] ------- DUMPING STATS -------
2021/11/25-09:52:14.225692 2ba4 [WARN] [db\db_impl.cc:670] 
** DB Stats **
Uptime(secs): 0.0 total, 0.0 interval
Cumulative writes: 0 writes, 0 keys, 0 commit groups, 0.0 writes per commit group, ingest: 0.00 GB, 0.00 MB/s
Cumulative WAL: 0 writes, 0 syncs, 0.00 writes per sync, written: 0.00 GB, 0.00 MB/s
Cumulative stall: 00:00:0.000 H:M:S, 0.0 percent
Interval writes: 0 writes, 0 keys, 0 commit groups, 0.0 writes per commit group, ingest: 0.00 MB, 0.00 MB/s
Interval WAL: 0 writes, 0 syncs, 0.00 writes per sync, written: 0.00 MB, 0.00 MB/s
Interval stall: 00:00:0.000 H:M:S, 0.0 percent

** Compaction Stats [default] **
Level    Files   Size     Score Read(GB)  Rn(GB) Rnp1(GB) Write(GB) Wnew(GB) Moved(GB) W-Amp Rd(MB/s) Wr(MB/s) Comp(sec) Comp(cnt) Avg(sec) KeyIn KeyDrop
----------------------------------------------------------------------------------------------------------------------------------------------------------
  L0      5/0    3.65 KB   0.5      0.0     0.0      0.0       0.0      0.0       0.0   1.0      0.0      0.3         0         1    0.003       0      0
 Sum      5/0    3.65 KB   0.0      0.0     0.0      0.0       0.0      0.0       0.0   1.0      0.0      0.3         0         1    0.003       0      0
 Int      0/0    0.00 KB   0.0      0.0     0.0      0.0       0.0      0.0       0.0   1.0      0.0      0.3         0         1    0.003       0      0
Uptime(secs): 0.0 total, 0.0 interval
Flush(GB): cumulative 0.000, interval 0.000
AddFile(GB): cumulative 0.000, interval 0.000
AddFile(Total Files): cumulative 0, interval 0
AddFile(L0 Files): cumulative 0, interval 0
AddFile(Keys): cumulative 0, interval 0
Cumulative compaction: 0.00 GB write, 0.02 MB/s write, 0.00 GB read, 0.00 MB/s read, 0.0 seconds
Interval compaction: 0.00 GB write, 0.02 MB/s write, 0.00 GB read, 0.00 MB/s read, 0.0 seconds
Stalls(count): 0 level0_slowdown, 0 level0_slowdown_with_compaction, 0 level0_numfiles, 0 level0_numfiles_with_compaction, 0 stop for pending_compaction_bytes, 0 slowdown for pending_compaction_bytes, 0 memtable_compaction, 0 memtable_slowdown, interval 0 total count

** File Read Latency Histogram By Level [default] **
** Level 0 read latency histogram (micros):
Count: 25 Average: 38.1600  StdDev: 78.05
Min: 2  Median: 2.8750  Max: 256
Percentiles: P50: 2.88 P75: 5.83 P99: 256.00 P99.9: 256.00 P99.99: 256.00
------------------------------------------------------
(       1,       2 ]        9  36.000%  36.000% #######
(       2,       3 ]        4  16.000%  52.000% ###
(       3,       4 ]        3  12.000%  64.000% ##
(       4,       6 ]        3  12.000%  76.000% ##
(       6,      10 ]        1   4.000%  80.000% #
(      34,      51 ]        1   4.000%  84.000% #
(     110,     170 ]        1   4.000%  88.000% #
(     170,     250 ]        2   8.000%  96.000% ##
(     250,     380 ]        1   4.000% 100.000% #


** Compaction Stats [Configuration] **
Level    Files   Size     Score Read(GB)  Rn(GB) Rnp1(GB) Write(GB) Wnew(GB) Moved(GB) W-Amp Rd(MB/s) Wr(MB/s) Comp(sec) Comp(cnt) Avg(sec) KeyIn KeyDrop
----------------------------------------------------------------------------------------------------------------------------------------------------------
  L0      5/0    4.28 KB   0.5      0.0     0.0      0.0       0.0      0.0       0.0   1.0      0.0      0.4         0         1    0.002       0      0
  L1      1/0    0.76 KB   0.0      0.0     0.0      0.0       0.0      0.0       0.0   0.0      0.0      0.0         0         0    0.000       0      0
 Sum      6/0    5.04 KB   0.0      0.0     0.0      0.0       0.0      0.0       0.0   1.0      0.0      0.4         0         1    0.002       0      0
 Int      0/0    0.00 KB   0.0      0.0     0.0      0.0       0.0      0.0       0.0   1.0      0.0      0.4         0         1    0.002       0      0
Uptime(secs): 0.0 total, 0.0 interval
Flush(GB): cumulative 0.000, interval 0.000
AddFile(GB): cumulative 0.000, interval 0.000
AddFile(Total Files): cumulative 0, interval 0
AddFile(L0 Files): cumulative 0, interval 0
AddFile(Keys): cumulative 0, interval 0
Cumulative compaction: 0.00 GB write, 0.03 MB/s write, 0.00 GB read, 0.00 MB/s read, 0.0 seconds
Interval compaction: 0.00 GB write, 0.03 MB/s write, 0.00 GB read, 0.00 MB/s read, 0.0 seconds
Stalls(count): 0 level0_slowdown, 0 level0_slowdown_with_compaction, 0 level0_numfiles, 0 level0_numfiles_with_compaction, 0 stop for pending_compaction_bytes, 0 slowdown for pending_compaction_bytes, 0 memtable_compaction, 0 memtable_slowdown, interval 0 total count

** File Read Latency Histogram By Level [Configuration] **
** Level 0 read latency histogram (micros):
Count: 35 Average: 40.4286  StdDev: 90.87
Min: 1  Median: 2.9167  Max: 403
Percentiles: P50: 2.92 P75: 4.83 P99: 403.00 P99.9: 403.00 P99.99: 403.00
------------------------------------------------------
[       0,       1 ]        3   8.571%   8.571% ##
(       1,       2 ]        9  25.714%  34.286% #####
(       2,       3 ]        6  17.143%  51.429% ###
(       3,       4 ]        7  20.000%  71.429% ####
(       4,       6 ]        3   8.571%  80.000% ##
(      34,      51 ]        1   2.857%  82.857% #
(      76,     110 ]        2   5.714%  88.571% #
(     170,     250 ]        2   5.714%  94.286% #
(     250,     380 ]        1   2.857%  97.143% #
(     380,     580 ]        1   2.857% 100.000% #

** Level 1 read latency histogram (micros):
Count: 6 Average: 33.5000  StdDev: 69.99
Min: 1  Median: 2.0000  Max: 190
Percentiles: P50: 2.00 P75: 2.75 P99: 190.00 P99.9: 190.00 P99.99: 190.00
------------------------------------------------------
[       0,       1 ]        1  16.667%  16.667% ###
(       1,       2 ]        2  33.333%  50.000% #######
(       2,       3 ]        2  33.333%  83.333% #######
(     170,     250 ]        1  16.667% 100.000% ###


** Compaction Stats [default] **
Level    Files   Size     Score Read(GB)  Rn(GB) Rnp1(GB) Write(GB) Wnew(GB) Moved(GB) W-Amp Rd(MB/s) Wr(MB/s) Comp(sec) Comp(cnt) Avg(sec) KeyIn KeyDrop
----------------------------------------------------------------------------------------------------------------------------------------------------------
  L0      5/0    3.65 KB   0.5      0.0     0.0      0.0       0.0      0.0       0.0   1.0      0.0      0.3         0         1    0.003       0      0
 Sum      5/0    3.65 KB   0.0      0.0     0.0      0.0       0.0      0.0       0.0   1.0      0.0      0.3         0         1    0.003       0      0
 Int      0/0    0.00 KB   0.0      0.0     0.0      0.0       0.0      0.0       0.0   0.0      0.0      0.0         0         0    0.000       0      0
Uptime(secs): 0.0 total, 0.0 interval
Flush(GB): cumulative 0.000, interval 0.000
AddFile(GB): cumulative 0.000, interval 0.000
AddFile(Total Files): cumulative 0, interval 0
AddFile(L0 Files): cumulative 0, interval 0
AddFile(Keys): cumulative 0, interval 0
Cumulative compaction: 0.00 GB write, 0.02 MB/s write, 0.00 GB read, 0.00 MB/s read, 0.0 seconds
Interval compaction: 0.00 GB write, 0.00 MB/s write, 0.00 GB read, 0.00 MB/s read, 0.0 seconds
Stalls(count): 0 level0_slowdown, 0 level0_slowdown_with_compaction, 0 level0_numfiles, 0 level0_numfiles_with_compaction, 0 stop for pending_compaction_bytes, 0 slowdown for pending_compaction_bytes, 0 memtable_compaction, 0 memtable_slowdown, interval 0 total count

** File Read Latency Histogram By Level [default] **
** Level 0 read latency histogram (micros):
Count: 25 Average: 38.1600  StdDev: 78.05
Min: 2  Median: 2.8750  Max: 256
Percentiles: P50: 2.88 P75: 5.83 P99: 256.00 P99.9: 256.00 P99.99: 256.00
------------------------------------------------------
(       1,       2 ]        9  36.000%  36.000% #######
(       2,       3 ]        4  16.000%  52.000% ###
(       3,       4 ]        3  12.000%  64.000% ##
(       4,       6 ]        3  12.000%  76.000% ##
(       6,      10 ]        1   4.000%  80.000% #
(      34,      51 ]        1   4.000%  84.000% #
(     110,     170 ]        1   4.000%  88.000% #
(     170,     250 ]        2   8.000%  96.000% ##
(     250,     380 ]        1   4.000% 100.000% #


** Compaction Stats [Configuration] **
Level    Files   Size     Score Read(GB)  Rn(GB) Rnp1(GB) Write(GB) Wnew(GB) Moved(GB) W-Amp Rd(MB/s) Wr(MB/s) Comp(sec) Comp(cnt) Avg(sec) KeyIn KeyDrop
----------------------------------------------------------------------------------------------------------------------------------------------------------
  L0      5/0    4.28 KB   0.5      0.0     0.0      0.0       0.0      0.0       0.0   1.0      0.0      0.4         0         1    0.002       0      0
  L1      1/0    0.76 KB   0.0      0.0     0.0      0.0       0.0      0.0       0.0   0.0      0.0      0.0         0         0    0.000       0      0
 Sum      6/0    5.04 KB   0.0      0.0     0.0      0.0       0.0      0.0       0.0   1.0      0.0      0.4         0         1    0.002       0      0
 Int      0/0    0.00 KB   0.0      0.0     0.0      0.0       0.0      0.0       0.0   0.0      0.0      0.0         0         0    0.000       0      0
Uptime(secs): 0.0 total, 0.0 interval
Flush(GB): cumulative 0.000, interval 0.000
AddFile(GB): cumulative 0.000, interval 0.000
AddFile(Total Files): cumulative 0, interval 0
AddFile(L0 Files): cumulative 0, interval 0
AddFile(Keys): cumulative 0, interval 0
Cumulative compaction: 0.00 GB write, 0.03 MB/s write, 0.00 GB read, 0.00 MB/s read, 0.0 seconds
Interval compaction: 0.00 GB write, 0.00 MB/s write, 0.00 GB read, 0.00 MB/s read, 0.0 seconds
Stalls(count): 0 level0_slowdown, 0 level0_slowdown_with_compaction, 0 level0_numfiles, 0 level0_numfiles_with_compaction, 0 stop for pending_compaction_bytes, 0 slowdown for pending_compaction_bytes, 0 memtable_compaction, 0 memtable_slowdown, interval 0 total count

** File Read Latency Histogram By Level [Configuration] **
** Level 0 read latency histogram (micros):
Count: 35 Average: 40.4286  StdDev: 90.87
Min: 1  Median: 2.9167  Max: 403
Percentiles: P50: 2.92 P75: 4.83 P99: 403.00 P99.9: 403.00 P99.99: 403.00
------------------------------------------------------
[       0,       1 ]        3   8.571%   8.571% ##
(       1,       2 ]        9  25.714%  34.286% #####
(       2,       3 ]        6  17.143%  51.429% ###
(       3,       4 ]        7  20.000%  71.429% ####
(       4,       6 ]        3   8.571%  80.000% ##
(      34,      51 ]        1   2.857%  82.857% #
(      76,     110 ]        2   5.714%  88.571% #
(     170,     250 ]        2   5.714%  94.286% #
(     250,     380 ]        1   2.857%  97.143% #
(     380,     580 ]        1   2.857% 100.000% #

** Level 1 read latency histogram (micros):
Count: 6 Average: 33.5000  StdDev: 69.99
Min: 1  Median: 2.0000  Max: 190
Percentiles: P50: 2.00 P75: 2.75 P99: 190.00 P99.9: 190.00 P99.99: 190.00
------------------------------------------------------
[       0,       1 ]        1  16.667%  16.667% ###
(       1,       2 ]        2  33.333%  50.000% #######
(       2,       3 ]        2  33.333%  83.333% #######
(     170,     250 ]        1  16.667% 100.000% ###

2021/11/25-09:52:14.226239 2ba4 [WARN] [db\db_impl.cc:617] STATISTICS:
 rocksdb.block.cache.miss COUNT : 22
rocksdb.block.cache.hit COUNT : 5
rocksdb.block.cache.add COUNT : 22
rocksdb.block.cache.add.failures COUNT : 0
rocksdb.block.cache.index.miss COUNT : 6
rocksdb.block.cache.index.hit COUNT : 5
rocksdb.block.cache.index.add COUNT : 6
rocksdb.block.cache.index.bytes.insert COUNT : 612
rocksdb.block.cache.index.bytes.evict COUNT : 0
rocksdb.block.cache.filter.miss COUNT : 0
rocksdb.block.cache.filter.hit COUNT : 0
rocksdb.block.cache.filter.add COUNT : 0
rocksdb.block.cache.filter.bytes.insert COUNT : 0
rocksdb.block.cache.filter.bytes.evict COUNT : 0
rocksdb.block.cache.data.miss COUNT : 16
rocksdb.block.cache.data.hit COUNT : 0
rocksdb.block.cache.data.add COUNT : 16
rocksdb.block.cache.data.bytes.insert COUNT : 2210
rocksdb.block.cache.bytes.read COUNT : 510
rocksdb.block.cache.bytes.write COUNT : 2822
rocksdb.bloom.filter.useful COUNT : 0
rocksdb.bloom.filter.full.positive COUNT : 0
rocksdb.bloom.filter.full.true.positive COUNT : 0
rocksdb.persistent.cache.hit COUNT : 0
rocksdb.persistent.cache.miss COUNT : 0
rocksdb.sim.block.cache.hit COUNT : 0
rocksdb.sim.block.cache.miss COUNT : 0
rocksdb.memtable.hit COUNT : 0
rocksdb.memtable.miss COUNT : 0
rocksdb.l0.hit COUNT : 0
rocksdb.l1.hit COUNT : 0
rocksdb.l2andup.hit COUNT : 0
rocksdb.compaction.key.drop.new COUNT : 0
rocksdb.compaction.key.drop.obsolete COUNT : 0
rocksdb.compaction.key.drop.range_del COUNT : 0
rocksdb.compaction.key.drop.user COUNT : 0
rocksdb.compaction.range_del.drop.obsolete COUNT : 0
rocksdb.compaction.optimized.del.drop.obsolete COUNT : 0
rocksdb.compaction.cancelled COUNT : 0
rocksdb.number.keys.written COUNT : 1
rocksdb.number.keys.read COUNT : 0
rocksdb.number.keys.updated COUNT : 0
rocksdb.bytes.written COUNT : 31
rocksdb.bytes.read COUNT : 0
rocksdb.number.db.seek COUNT : 2
rocksdb.number.db.next COUNT : 1
rocksdb.number.db.prev COUNT : 0
rocksdb.number.db.seek.found COUNT : 1
rocksdb.number.db.next.found COUNT : 0
rocksdb.number.db.prev.found COUNT : 0
rocksdb.db.iter.bytes.read COUNT : 26
rocksdb.no.file.closes COUNT : 0
rocksdb.no.file.opens COUNT : 11
rocksdb.no.file.errors COUNT : 0
rocksdb.l0.slowdown.micros COUNT : 0
rocksdb.memtable.compaction.micros COUNT : 0
rocksdb.l0.num.files.stall.micros COUNT : 0
rocksdb.stall.micros COUNT : 0
rocksdb.db.mutex.wait.micros COUNT : 0
rocksdb.rate.limit.delay.millis COUNT : 0
rocksdb.num.iterators COUNT : 0
rocksdb.number.multiget.get COUNT : 0
rocksdb.number.multiget.keys.read COUNT : 0
rocksdb.number.multiget.bytes.read COUNT : 0
rocksdb.number.deletes.filtered COUNT : 0
rocksdb.number.merge.failures COUNT : 0
rocksdb.bloom.filter.prefix.checked COUNT : 0
rocksdb.bloom.filter.prefix.useful COUNT : 0
rocksdb.number.reseeks.iteration COUNT : 0
rocksdb.getupdatessince.calls COUNT : 0
rocksdb.block.cachecompressed.miss COUNT : 0
rocksdb.block.cachecompressed.hit COUNT : 0
rocksdb.block.cachecompressed.add COUNT : 0
rocksdb.block.cachecompressed.add.failures COUNT : 0
rocksdb.wal.synced COUNT : 0
rocksdb.wal.bytes COUNT : 0
rocksdb.write.self COUNT : 1
rocksdb.write.other COUNT : 0
rocksdb.write.timeout COUNT : 0
rocksdb.write.wal COUNT : 1
rocksdb.compact.read.bytes COUNT : 0
rocksdb.compact.write.bytes COUNT : 1624
rocksdb.flush.write.bytes COUNT : 0
rocksdb.number.direct.load.table.properties COUNT : 0
rocksdb.number.superversion_acquires COUNT : 2
rocksdb.number.superversion_releases COUNT : 0
rocksdb.number.superversion_cleanups COUNT : 0
rocksdb.number.block.compressed COUNT : 1
rocksdb.number.block.decompressed COUNT : 6
rocksdb.number.block.not_compressed COUNT : 0
rocksdb.merge.operation.time.nanos COUNT : 0
rocksdb.filter.operation.time.nanos COUNT : 0
rocksdb.row.cache.hit COUNT : 0
rocksdb.row.cache.miss COUNT : 0
rocksdb.read.amp.estimate.useful.bytes COUNT : 0
rocksdb.read.amp.total.read.bytes COUNT : 0
rocksdb.number.rate_limiter.drains COUNT : 0
rocksdb.number.iter.skip COUNT : 5
rocksdb.blobdb.num.put COUNT : 0
rocksdb.blobdb.num.write COUNT : 0
rocksdb.blobdb.num.get COUNT : 0
rocksdb.blobdb.num.multiget COUNT : 0
rocksdb.blobdb.num.seek COUNT : 0
rocksdb.blobdb.num.next COUNT : 0
rocksdb.blobdb.num.prev COUNT : 0
rocksdb.blobdb.num.keys.written COUNT : 0
rocksdb.blobdb.num.keys.read COUNT : 0
rocksdb.blobdb.bytes.written COUNT : 0
rocksdb.blobdb.bytes.read COUNT : 0
rocksdb.blobdb.write.inlined COUNT : 0
rocksdb.blobdb.write.inlined.ttl COUNT : 0
rocksdb.blobdb.write.blob COUNT : 0
rocksdb.blobdb.write.blob.ttl COUNT : 0
rocksdb.blobdb.blob.file.bytes.written COUNT : 0
rocksdb.blobdb.blob.file.bytes.read COUNT : 0
rocksdb.blobdb.blob.file.synced COUNT : 0
rocksdb.blobdb.blob.index.expired.count COUNT : 0
rocksdb.blobdb.blob.index.expired.size COUNT : 0
rocksdb.blobdb.blob.index.evicted.count COUNT : 0
rocksdb.blobdb.blob.index.evicted.size COUNT : 0
rocksdb.blobdb.gc.num.files COUNT : 0
rocksdb.blobdb.gc.num.new.files COUNT : 0
rocksdb.blobdb.gc.failures COUNT : 0
rocksdb.blobdb.gc.num.keys.overwritten COUNT : 0
rocksdb.blobdb.gc.num.keys.expired COUNT : 0
