2021/11/24-10:43:21.825914 60f4 RocksDB version: 5.18.4
2021/11/24-10:43:21.826017 60f4 Git sha rocksdb_build_git_sha:@b9a4a10659969c71e6f6eab4e4bae8c36ede919f@
2021/11/24-10:43:21.826043 60f4 Compile date Mar 11 2020
2021/11/24-10:43:21.826067 60f4 DB SUMMARY
2021/11/24-10:43:21.826268 60f4 CURRENT file:  CURRENT
2021/11/24-10:43:21.826294 60f4 IDENTITY file:  IDENTITY
2021/11/24-10:43:21.826327 60f4 MANIFEST file:  MANIFEST-000060 size: 499 Bytes
2021/11/24-10:43:21.826349 60f4 SST files in D:\Developer\bishe\nacos\data\protocol\raft\naming_service_metadata\log dir, Total Num: 7, files: 000049.sst 000051.sst 000053.sst 000055.sst 000057.sst 000059.sst 000061.sst 
2021/11/24-10:43:21.826371 60f4 Write Ahead Log file in D:\Developer\bishe\nacos\data\protocol\raft\naming_service_metadata\log: 000062.log size: 3715 ; 
2021/11/24-10:43:21.826500 60f4                         Options.error_if_exists: 0
2021/11/24-10:43:21.826514 60f4                       Options.create_if_missing: 1
2021/11/24-10:43:21.826523 60f4                         Options.paranoid_checks: 1
2021/11/24-10:43:21.826531 60f4                                     Options.env: 000001A4458FD3B0
2021/11/24-10:43:21.826540 60f4                                Options.info_log: 000001A445C1B1F0
2021/11/24-10:43:21.826549 60f4                Options.max_file_opening_threads: 16
2021/11/24-10:43:21.826558 60f4                              Options.statistics: 000001A44CCCBB00
2021/11/24-10:43:21.826566 60f4                               Options.use_fsync: 0
2021/11/24-10:43:21.826575 60f4                       Options.max_log_file_size: 0
2021/11/24-10:43:21.826583 60f4                  Options.max_manifest_file_size: 1073741824
2021/11/24-10:43:21.826592 60f4                   Options.log_file_time_to_roll: 0
2021/11/24-10:43:21.826601 60f4                       Options.keep_log_file_num: 1000
2021/11/24-10:43:21.826609 60f4                    Options.recycle_log_file_num: 0
2021/11/24-10:43:21.826618 60f4                         Options.allow_fallocate: 1
2021/11/24-10:43:21.826627 60f4                        Options.allow_mmap_reads: 0
2021/11/24-10:43:21.826635 60f4                       Options.allow_mmap_writes: 0
2021/11/24-10:43:21.826644 60f4                        Options.use_direct_reads: 0
2021/11/24-10:43:21.826653 60f4                        Options.use_direct_io_for_flush_and_compaction: 0
2021/11/24-10:43:21.826662 60f4          Options.create_missing_column_families: 1
2021/11/24-10:43:21.826670 60f4                              Options.db_log_dir: 
2021/11/24-10:43:21.826679 60f4                                 Options.wal_dir: D:\Developer\bishe\nacos\data\protocol\raft\naming_service_metadata\log
2021/11/24-10:43:21.826687 60f4                Options.table_cache_numshardbits: 6
2021/11/24-10:43:21.826696 60f4                      Options.max_subcompactions: 1
2021/11/24-10:43:21.826705 60f4                  Options.max_background_flushes: 1
2021/11/24-10:43:21.826713 60f4                         Options.WAL_ttl_seconds: 0
2021/11/24-10:43:21.826721 60f4                       Options.WAL_size_limit_MB: 0
2021/11/24-10:43:21.826730 60f4             Options.manifest_preallocation_size: 4194304
2021/11/24-10:43:21.826739 60f4                     Options.is_fd_close_on_exec: 1
2021/11/24-10:43:21.826747 60f4                   Options.advise_random_on_open: 1
2021/11/24-10:43:21.826757 60f4                    Options.db_write_buffer_size: 0
2021/11/24-10:43:21.826766 60f4                    Options.write_buffer_manager: 000001A447124D00
2021/11/24-10:43:21.826774 60f4         Options.access_hint_on_compaction_start: 1
2021/11/24-10:43:21.826783 60f4  Options.new_table_reader_for_compaction_inputs: 0
2021/11/24-10:43:21.826792 60f4           Options.random_access_max_buffer_size: 1048576
2021/11/24-10:43:21.826801 60f4                      Options.use_adaptive_mutex: 0
2021/11/24-10:43:21.826809 60f4                            Options.rate_limiter: 0000000000000000
2021/11/24-10:43:21.826818 60f4     Options.sst_file_manager.rate_bytes_per_sec: 0
2021/11/24-10:43:21.826827 60f4                       Options.wal_recovery_mode: 2
2021/11/24-10:43:21.826870 60f4                  Options.enable_thread_tracking: 0
2021/11/24-10:43:21.826881 60f4                  Options.enable_pipelined_write: 0
2021/11/24-10:43:21.826892 60f4         Options.allow_concurrent_memtable_write: 1
2021/11/24-10:43:21.826901 60f4      Options.enable_write_thread_adaptive_yield: 1
2021/11/24-10:43:21.826909 60f4             Options.write_thread_max_yield_usec: 100
2021/11/24-10:43:21.826918 60f4            Options.write_thread_slow_yield_usec: 3
2021/11/24-10:43:21.826927 60f4                               Options.row_cache: None
2021/11/24-10:43:21.826935 60f4                              Options.wal_filter: None
2021/11/24-10:43:21.826944 60f4             Options.avoid_flush_during_recovery: 0
2021/11/24-10:43:21.826952 60f4             Options.allow_ingest_behind: 0
2021/11/24-10:43:21.826961 60f4             Options.preserve_deletes: 0
2021/11/24-10:43:21.826970 60f4             Options.two_write_queues: 0
2021/11/24-10:43:21.826980 60f4             Options.manual_wal_flush: 0
2021/11/24-10:43:21.826989 60f4             Options.max_background_jobs: 2
2021/11/24-10:43:21.826999 60f4             Options.max_background_compactions: 4
2021/11/24-10:43:21.827009 60f4             Options.avoid_flush_during_shutdown: 0
2021/11/24-10:43:21.827018 60f4           Options.writable_file_max_buffer_size: 1048576
2021/11/24-10:43:21.827027 60f4             Options.delayed_write_rate : 16777216
2021/11/24-10:43:21.827035 60f4             Options.max_total_wal_size: 0
2021/11/24-10:43:21.827044 60f4             Options.delete_obsolete_files_period_micros: 21600000000
2021/11/24-10:43:21.827053 60f4                   Options.stats_dump_period_sec: 600
2021/11/24-10:43:21.827062 60f4                          Options.max_open_files: -1
2021/11/24-10:43:21.827071 60f4                          Options.bytes_per_sync: 0
2021/11/24-10:43:21.827081 60f4                      Options.wal_bytes_per_sync: 0
2021/11/24-10:43:21.827090 60f4       Options.compaction_readahead_size: 0
2021/11/24-10:43:21.827099 60f4 Compression algorithms supported:
2021/11/24-10:43:21.827108 60f4 	kZSTD supported: 1
2021/11/24-10:43:21.827117 60f4 	kSnappyCompression supported: 1
2021/11/24-10:43:21.827125 60f4 	kBZip2Compression supported: 0
2021/11/24-10:43:21.827134 60f4 	kZlibCompression supported: 1
2021/11/24-10:43:21.827142 60f4 	kLZ4Compression supported: 1
2021/11/24-10:43:21.827151 60f4 	kXpressCompression supported: 0
2021/11/24-10:43:21.827159 60f4 	kLZ4HCCompression supported: 1
2021/11/24-10:43:21.827168 60f4 	kZSTDNotFinalCompression supported: 1
2021/11/24-10:43:21.827179 60f4 Fast CRC32 supported: Supported on x86
2021/11/24-10:43:21.827912 60f4 [db\version_set.cc:3508] Recovering from manifest file: MANIFEST-000060
2021/11/24-10:43:21.828066 60f4 [db\column_family.cc:474] --------------- Options for column family [default]:
2021/11/24-10:43:21.828078 60f4               Options.comparator: leveldb.BytewiseComparator
2021/11/24-10:43:21.828087 60f4           Options.merge_operator: StringAppendOperator
2021/11/24-10:43:21.828096 60f4        Options.compaction_filter: None
2021/11/24-10:43:21.828105 60f4        Options.compaction_filter_factory: None
2021/11/24-10:43:21.828114 60f4         Options.memtable_factory: SkipListFactory
2021/11/24-10:43:21.828123 60f4            Options.table_factory: BlockBasedTable
2021/11/24-10:43:21.828160 60f4            table_factory options:   flush_block_policy_factory: FlushBlockBySizePolicyFactory (000001A44E1B0EE0)
  cache_index_and_filter_blocks: 0
  cache_index_and_filter_blocks_with_high_priority: 1
  pin_l0_filter_and_index_blocks_in_cache: 1
  pin_top_level_index_and_filter: 1
  index_type: 2
  hash_index_allow_collision: 1
  checksum: 1
  no_block_cache: 0
  block_cache: 000001A4491B8BD0
  block_cache_name: LRUCache
  block_cache_options:
    capacity : 536870912
    num_shard_bits : 8
    strict_capacity_limit : 0
    memory_allocator : None
    high_pri_pool_ratio: 0.000
  block_cache_compressed: 0000000000000000
  persistent_cache: 0000000000000000
  block_size: 4096
  block_size_deviation: 10
  block_restart_interval: 16
  index_block_restart_interval: 1
  metadata_block_size: 8192
  partition_filters: 1
  use_delta_encoding: 1
  filter_policy: nullptr
  whole_key_filtering: 1
  verify_compression: 0
  read_amp_bytes_per_bit: 0
  format_version: 0
  enable_index_compression: 1
  block_align: 0
2021/11/24-10:43:21.828207 60f4        Options.write_buffer_size: 67108864
2021/11/24-10:43:21.828218 60f4  Options.max_write_buffer_number: 3
2021/11/24-10:43:21.828227 60f4          Options.compression: Snappy
2021/11/24-10:43:21.828236 60f4                  Options.bottommost_compression: Disabled
2021/11/24-10:43:21.828246 60f4       Options.prefix_extractor: rocksdb.FixedPrefix.8
2021/11/24-10:43:21.828254 60f4   Options.memtable_insert_with_hint_prefix_extractor: nullptr
2021/11/24-10:43:21.828263 60f4             Options.num_levels: 7
2021/11/24-10:43:21.828272 60f4        Options.min_write_buffer_number_to_merge: 1
2021/11/24-10:43:21.828281 60f4     Options.max_write_buffer_number_to_maintain: 0
2021/11/24-10:43:21.828289 60f4            Options.bottommost_compression_opts.window_bits: -14
2021/11/24-10:43:21.828298 60f4                  Options.bottommost_compression_opts.level: 32767
2021/11/24-10:43:21.828307 60f4               Options.bottommost_compression_opts.strategy: 0
2021/11/24-10:43:21.828316 60f4         Options.bottommost_compression_opts.max_dict_bytes: 0
2021/11/24-10:43:21.828325 60f4         Options.bottommost_compression_opts.zstd_max_train_bytes: 0
2021/11/24-10:43:21.828334 60f4                  Options.bottommost_compression_opts.enabled: false
2021/11/24-10:43:21.828343 60f4            Options.compression_opts.window_bits: -14
2021/11/24-10:43:21.828352 60f4                  Options.compression_opts.level: 32767
2021/11/24-10:43:21.828361 60f4               Options.compression_opts.strategy: 0
2021/11/24-10:43:21.828369 60f4         Options.compression_opts.max_dict_bytes: 0
2021/11/24-10:43:21.828378 60f4         Options.compression_opts.zstd_max_train_bytes: 0
2021/11/24-10:43:21.828386 60f4                  Options.compression_opts.enabled: false
2021/11/24-10:43:21.828395 60f4      Options.level0_file_num_compaction_trigger: 10
2021/11/24-10:43:21.828403 60f4          Options.level0_slowdown_writes_trigger: 20
2021/11/24-10:43:21.828412 60f4              Options.level0_stop_writes_trigger: 40
2021/11/24-10:43:21.828420 60f4                   Options.target_file_size_base: 67108864
2021/11/24-10:43:21.828429 60f4             Options.target_file_size_multiplier: 1
2021/11/24-10:43:21.828438 60f4                Options.max_bytes_for_level_base: 536870912
2021/11/24-10:43:21.828446 60f4 Options.level_compaction_dynamic_level_bytes: 0
2021/11/24-10:43:21.828455 60f4          Options.max_bytes_for_level_multiplier: 10.000000
2021/11/24-10:43:21.828465 60f4 Options.max_bytes_for_level_multiplier_addtl[0]: 1
2021/11/24-10:43:21.828474 60f4 Options.max_bytes_for_level_multiplier_addtl[1]: 1
2021/11/24-10:43:21.828483 60f4 Options.max_bytes_for_level_multiplier_addtl[2]: 1
2021/11/24-10:43:21.828491 60f4 Options.max_bytes_for_level_multiplier_addtl[3]: 1
2021/11/24-10:43:21.828500 60f4 Options.max_bytes_for_level_multiplier_addtl[4]: 1
2021/11/24-10:43:21.828511 60f4 Options.max_bytes_for_level_multiplier_addtl[5]: 1
2021/11/24-10:43:21.828520 60f4 Options.max_bytes_for_level_multiplier_addtl[6]: 1
2021/11/24-10:43:21.828528 60f4       Options.max_sequential_skip_in_iterations: 8
2021/11/24-10:43:21.828537 60f4                    Options.max_compaction_bytes: 1677721600
2021/11/24-10:43:21.828545 60f4                        Options.arena_block_size: 8388608
2021/11/24-10:43:21.828554 60f4   Options.soft_pending_compaction_bytes_limit: 68719476736
2021/11/24-10:43:21.828563 60f4   Options.hard_pending_compaction_bytes_limit: 274877906944
2021/11/24-10:43:21.828571 60f4       Options.rate_limit_delay_max_milliseconds: 100
2021/11/24-10:43:21.828580 60f4                Options.disable_auto_compactions: 0
2021/11/24-10:43:21.828590 60f4                        Options.compaction_style: kCompactionStyleLevel
2021/11/24-10:43:21.828600 60f4                          Options.compaction_pri: kByCompensatedSize
2021/11/24-10:43:21.828609 60f4 Options.compaction_options_universal.size_ratio: 1
2021/11/24-10:43:21.828618 60f4 Options.compaction_options_universal.min_merge_width: 2
2021/11/24-10:43:21.828626 60f4 Options.compaction_options_universal.max_merge_width: 4294967295
2021/11/24-10:43:21.828635 60f4 Options.compaction_options_universal.max_size_amplification_percent: 200
2021/11/24-10:43:21.828644 60f4 Options.compaction_options_universal.compression_size_percent: -1
2021/11/24-10:43:21.828653 60f4 Options.compaction_options_universal.stop_style: kCompactionStopStyleTotalSize
2021/11/24-10:43:21.828661 60f4 Options.compaction_options_fifo.max_table_files_size: 1073741824
2021/11/24-10:43:21.828670 60f4 Options.compaction_options_fifo.allow_compaction: 0
2021/11/24-10:43:21.828679 60f4 Options.compaction_options_fifo.ttl: 0
2021/11/24-10:43:21.828688 60f4                   Options.table_properties_collectors: 
2021/11/24-10:43:21.828697 60f4                   Options.inplace_update_support: 0
2021/11/24-10:43:21.828705 60f4                 Options.inplace_update_num_locks: 10000
2021/11/24-10:43:21.828714 60f4               Options.memtable_prefix_bloom_size_ratio: 0.125000
2021/11/24-10:43:21.828723 60f4   Options.memtable_huge_page_size: 0
2021/11/24-10:43:21.828732 60f4                           Options.bloom_locality: 0
2021/11/24-10:43:21.828741 60f4                    Options.max_successive_merges: 0
2021/11/24-10:43:21.828749 60f4                Options.optimize_filters_for_hits: 0
2021/11/24-10:43:21.828758 60f4                Options.paranoid_file_checks: 0
2021/11/24-10:43:21.828767 60f4                Options.force_consistency_checks: 1
2021/11/24-10:43:21.828775 60f4                Options.report_bg_io_stats: 0
2021/11/24-10:43:21.828784 60f4                               Options.ttl: 0
2021/11/24-10:43:21.831497 60f4 [db\column_family.cc:474] --------------- Options for column family [Configuration]:
2021/11/24-10:43:21.831538 60f4               Options.comparator: leveldb.BytewiseComparator
2021/11/24-10:43:21.831548 60f4           Options.merge_operator: StringAppendOperator
2021/11/24-10:43:21.831557 60f4        Options.compaction_filter: None
2021/11/24-10:43:21.831565 60f4        Options.compaction_filter_factory: None
2021/11/24-10:43:21.831574 60f4         Options.memtable_factory: SkipListFactory
2021/11/24-10:43:21.831583 60f4            Options.table_factory: BlockBasedTable
2021/11/24-10:43:21.831616 60f4            table_factory options:   flush_block_policy_factory: FlushBlockBySizePolicyFactory (000001A44E1B0EE0)
  cache_index_and_filter_blocks: 0
  cache_index_and_filter_blocks_with_high_priority: 1
  pin_l0_filter_and_index_blocks_in_cache: 1
  pin_top_level_index_and_filter: 1
  index_type: 2
  hash_index_allow_collision: 1
  checksum: 1
  no_block_cache: 0
  block_cache: 000001A4491B8BD0
  block_cache_name: LRUCache
  block_cache_options:
    capacity : 536870912
    num_shard_bits : 8
    strict_capacity_limit : 0
    memory_allocator : None
    high_pri_pool_ratio: 0.000
  block_cache_compressed: 0000000000000000
  persistent_cache: 0000000000000000
  block_size: 4096
  block_size_deviation: 10
  block_restart_interval: 16
  index_block_restart_interval: 1
  metadata_block_size: 8192
  partition_filters: 1
  use_delta_encoding: 1
  filter_policy: nullptr
  whole_key_filtering: 1
  verify_compression: 0
  read_amp_bytes_per_bit: 0
  format_version: 0
  enable_index_compression: 1
  block_align: 0
2021/11/24-10:43:21.831633 60f4        Options.write_buffer_size: 67108864
2021/11/24-10:43:21.831642 60f4  Options.max_write_buffer_number: 3
2021/11/24-10:43:21.831651 60f4          Options.compression: Snappy
2021/11/24-10:43:21.831660 60f4                  Options.bottommost_compression: Disabled
2021/11/24-10:43:21.831669 60f4       Options.prefix_extractor: rocksdb.FixedPrefix.8
2021/11/24-10:43:21.831733 60f4   Options.memtable_insert_with_hint_prefix_extractor: nullptr
2021/11/24-10:43:21.831744 60f4             Options.num_levels: 7
2021/11/24-10:43:21.831753 60f4        Options.min_write_buffer_number_to_merge: 1
2021/11/24-10:43:21.831761 60f4     Options.max_write_buffer_number_to_maintain: 0
2021/11/24-10:43:21.831770 60f4            Options.bottommost_compression_opts.window_bits: -14
2021/11/24-10:43:21.831780 60f4                  Options.bottommost_compression_opts.level: 32767
2021/11/24-10:43:21.831789 60f4               Options.bottommost_compression_opts.strategy: 0
2021/11/24-10:43:21.831797 60f4         Options.bottommost_compression_opts.max_dict_bytes: 0
2021/11/24-10:43:21.831806 60f4         Options.bottommost_compression_opts.zstd_max_train_bytes: 0
2021/11/24-10:43:21.831815 60f4                  Options.bottommost_compression_opts.enabled: false
2021/11/24-10:43:21.831823 60f4            Options.compression_opts.window_bits: -14
2021/11/24-10:43:21.831832 60f4                  Options.compression_opts.level: 32767
2021/11/24-10:43:21.831841 60f4               Options.compression_opts.strategy: 0
2021/11/24-10:43:21.831849 60f4         Options.compression_opts.max_dict_bytes: 0
2021/11/24-10:43:21.831858 60f4         Options.compression_opts.zstd_max_train_bytes: 0
2021/11/24-10:43:21.831867 60f4                  Options.compression_opts.enabled: false
2021/11/24-10:43:21.831875 60f4      Options.level0_file_num_compaction_trigger: 10
2021/11/24-10:43:21.831884 60f4          Options.level0_slowdown_writes_trigger: 20
2021/11/24-10:43:21.831895 60f4              Options.level0_stop_writes_trigger: 40
2021/11/24-10:43:21.831903 60f4                   Options.target_file_size_base: 67108864
2021/11/24-10:43:21.831913 60f4             Options.target_file_size_multiplier: 1
2021/11/24-10:43:21.831922 60f4                Options.max_bytes_for_level_base: 536870912
2021/11/24-10:43:21.831931 60f4 Options.level_compaction_dynamic_level_bytes: 0
2021/11/24-10:43:21.831941 60f4          Options.max_bytes_for_level_multiplier: 10.000000
2021/11/24-10:43:21.831953 60f4 Options.max_bytes_for_level_multiplier_addtl[0]: 1
2021/11/24-10:43:21.831963 60f4 Options.max_bytes_for_level_multiplier_addtl[1]: 1
2021/11/24-10:43:21.831972 60f4 Options.max_bytes_for_level_multiplier_addtl[2]: 1
2021/11/24-10:43:21.831980 60f4 Options.max_bytes_for_level_multiplier_addtl[3]: 1
2021/11/24-10:43:21.831989 60f4 Options.max_bytes_for_level_multiplier_addtl[4]: 1
2021/11/24-10:43:21.831998 60f4 Options.max_bytes_for_level_multiplier_addtl[5]: 1
2021/11/24-10:43:21.832007 60f4 Options.max_bytes_for_level_multiplier_addtl[6]: 1
2021/11/24-10:43:21.832015 60f4       Options.max_sequential_skip_in_iterations: 8
2021/11/24-10:43:21.832024 60f4                    Options.max_compaction_bytes: 1677721600
2021/11/24-10:43:21.832033 60f4                        Options.arena_block_size: 8388608
2021/11/24-10:43:21.832042 60f4   Options.soft_pending_compaction_bytes_limit: 68719476736
2021/11/24-10:43:21.832050 60f4   Options.hard_pending_compaction_bytes_limit: 274877906944
2021/11/24-10:43:21.832059 60f4       Options.rate_limit_delay_max_milliseconds: 100
2021/11/24-10:43:21.832067 60f4                Options.disable_auto_compactions: 0
2021/11/24-10:43:21.832077 60f4                        Options.compaction_style: kCompactionStyleLevel
2021/11/24-10:43:21.832087 60f4                          Options.compaction_pri: kByCompensatedSize
2021/11/24-10:43:21.832095 60f4 Options.compaction_options_universal.size_ratio: 1
2021/11/24-10:43:21.832104 60f4 Options.compaction_options_universal.min_merge_width: 2
2021/11/24-10:43:21.832113 60f4 Options.compaction_options_universal.max_merge_width: 4294967295
2021/11/24-10:43:21.832121 60f4 Options.compaction_options_universal.max_size_amplification_percent: 200
2021/11/24-10:43:21.832130 60f4 Options.compaction_options_universal.compression_size_percent: -1
2021/11/24-10:43:21.832139 60f4 Options.compaction_options_universal.stop_style: kCompactionStopStyleTotalSize
2021/11/24-10:43:21.832149 60f4 Options.compaction_options_fifo.max_table_files_size: 1073741824
2021/11/24-10:43:21.832159 60f4 Options.compaction_options_fifo.allow_compaction: 0
2021/11/24-10:43:21.832168 60f4 Options.compaction_options_fifo.ttl: 0
2021/11/24-10:43:21.832176 60f4                   Options.table_properties_collectors: 
2021/11/24-10:43:21.832185 60f4                   Options.inplace_update_support: 0
2021/11/24-10:43:21.832193 60f4                 Options.inplace_update_num_locks: 10000
2021/11/24-10:43:21.832202 60f4               Options.memtable_prefix_bloom_size_ratio: 0.125000
2021/11/24-10:43:21.832211 60f4   Options.memtable_huge_page_size: 0
2021/11/24-10:43:21.832220 60f4                           Options.bloom_locality: 0
2021/11/24-10:43:21.832228 60f4                    Options.max_successive_merges: 0
2021/11/24-10:43:21.832237 60f4                Options.optimize_filters_for_hits: 0
2021/11/24-10:43:21.832246 60f4                Options.paranoid_file_checks: 0
2021/11/24-10:43:21.832254 60f4                Options.force_consistency_checks: 1
2021/11/24-10:43:21.832263 60f4                Options.report_bg_io_stats: 0
2021/11/24-10:43:21.832271 60f4                               Options.ttl: 0
2021/11/24-10:43:21.837118 60f4 [db\version_set.cc:3724] Recovered from manifest file:D:\Developer\bishe\nacos\data\protocol\raft\naming_service_metadata\log/MANIFEST-000060 succeeded,manifest_file_number is 60, next_file_number is 63, last_sequence is 1170, log_number is 0,prev_log_number is 0,max_column_family is 1,min_log_number_to_keep is 0
2021/11/24-10:43:21.837150 60f4 [db\version_set.cc:3732] Column family [default] (ID 0), log number is 59
2021/11/24-10:43:21.837160 60f4 [db\version_set.cc:3732] Column family [Configuration] (ID 1), log number is 59
2021/11/24-10:43:21.837494 60f4 EVENT_LOG_v1 {"time_micros": 1637721801837486, "job": 1, "event": "recovery_started", "log_files": [62]}
2021/11/24-10:43:21.837510 60f4 [db\db_impl_open.cc:578] Recovering log #62 mode 2
2021/11/24-10:43:21.840028 60f4 EVENT_LOG_v1 {"time_micros": 1637721801840009, "cf_name": "default", "job": 1, "event": "table_file_creation", "file_number": 63, "file_size": 747, "table_properties": {"data_size": 0, "index_size": 13, "filter_size": 0, "raw_key_size": 32, "raw_average_key_size": 0, "raw_value_size": 16, "raw_average_value_size": 0, "num_data_blocks": 0, "num_entries": 0, "filter_policy_name": ""}}
2021/11/24-10:43:21.842945 60f4 [db\version_set.cc:3037] Creating manifest 64
2021/11/24-10:43:21.850204 60f4 EVENT_LOG_v1 {"time_micros": 1637721801850185, "cf_name": "Configuration", "job": 1, "event": "table_file_creation", "file_number": 65, "file_size": 877, "table_properties": {"data_size": 44, "index_size": 49, "filter_size": 0, "raw_key_size": 58, "raw_average_key_size": 58, "raw_value_size": 24, "raw_average_value_size": 24, "num_data_blocks": 1, "num_entries": 1, "filter_policy_name": ""}}
2021/11/24-10:43:21.854297 60f4 EVENT_LOG_v1 {"time_micros": 1637721801854289, "job": 1, "event": "recovery_finished"}
2021/11/24-10:43:21.861010 60f4 [db\db_impl_open.cc:1314] DB pointer 000001A44F433880
2021/11/24-10:43:21.861414 6454 [WARN] [db\db_impl.cc:669] ------- DUMPING STATS -------
2021/11/24-10:43:21.861438 6454 [WARN] [db\db_impl.cc:670] 
** DB Stats **
Uptime(secs): 0.0 total, 0.0 interval
Cumulative writes: 0 writes, 0 keys, 0 commit groups, 0.0 writes per commit group, ingest: 0.00 GB, 0.00 MB/s
Cumulative WAL: 0 writes, 0 syncs, 0.00 writes per sync, written: 0.00 GB, 0.00 MB/s
Cumulative stall: 00:00:0.000 H:M:S, 0.0 percent
Interval writes: 0 writes, 0 keys, 0 commit groups, 0.0 writes per commit group, ingest: 0.00 MB, 0.00 MB/s
Interval WAL: 0 writes, 0 syncs, 0.00 writes per sync, written: 0.00 MB, 0.00 MB/s
Interval stall: 00:00:0.000 H:M:S, 0.0 percent

** Compaction Stats [default] **
Level    Files   Size     Score Read(GB)  Rn(GB) Rnp1(GB) Write(GB) Wnew(GB) Moved(GB) W-Amp Rd(MB/s) Wr(MB/s) Comp(sec) Comp(cnt) Avg(sec) KeyIn KeyDrop
----------------------------------------------------------------------------------------------------------------------------------------------------------
  L0      4/0    2.92 KB   0.4      0.0     0.0      0.0       0.0      0.0       0.0   1.0      0.0      0.3         0         1    0.002       0      0
 Sum      4/0    2.92 KB   0.0      0.0     0.0      0.0       0.0      0.0       0.0   1.0      0.0      0.3         0         1    0.002       0      0
 Int      0/0    0.00 KB   0.0      0.0     0.0      0.0       0.0      0.0       0.0   1.0      0.0      0.3         0         1    0.002       0      0
Uptime(secs): 0.0 total, 0.0 interval
Flush(GB): cumulative 0.000, interval 0.000
AddFile(GB): cumulative 0.000, interval 0.000
AddFile(Total Files): cumulative 0, interval 0
AddFile(L0 Files): cumulative 0, interval 0
AddFile(Keys): cumulative 0, interval 0
Cumulative compaction: 0.00 GB write, 0.02 MB/s write, 0.00 GB read, 0.00 MB/s read, 0.0 seconds
Interval compaction: 0.00 GB write, 0.02 MB/s write, 0.00 GB read, 0.00 MB/s read, 0.0 seconds
Stalls(count): 0 level0_slowdown, 0 level0_slowdown_with_compaction, 0 level0_numfiles, 0 level0_numfiles_with_compaction, 0 stop for pending_compaction_bytes, 0 slowdown for pending_compaction_bytes, 0 memtable_compaction, 0 memtable_slowdown, interval 0 total count

** File Read Latency Histogram By Level [default] **
** Level 0 read latency histogram (micros):
Count: 20 Average: 27.6500  StdDev: 58.17
Min: 1  Median: 2.0000  Max: 194
Percentiles: P50: 2.00 P75: 3.00 P99: 194.00 P99.9: 194.00 P99.99: 194.00
------------------------------------------------------
[       0,       1 ]        2  10.000%  10.000% ##
(       1,       2 ]        8  40.000%  50.000% ########
(       2,       3 ]        5  25.000%  75.000% #####
(       3,       4 ]        1   5.000%  80.000% #
(      22,      34 ]        1   5.000%  85.000% #
(     110,     170 ]        2  10.000%  95.000% ##
(     170,     250 ]        1   5.000% 100.000% #


** Compaction Stats [Configuration] **
Level    Files   Size     Score Read(GB)  Rn(GB) Rnp1(GB) Write(GB) Wnew(GB) Moved(GB) W-Amp Rd(MB/s) Wr(MB/s) Comp(sec) Comp(cnt) Avg(sec) KeyIn KeyDrop
----------------------------------------------------------------------------------------------------------------------------------------------------------
  L0      4/0    3.43 KB   0.4      0.0     0.0      0.0       0.0      0.0       0.0   1.0      0.0      0.4         0         1    0.002       0      0
  L1      1/0    0.76 KB   0.0      0.0     0.0      0.0       0.0      0.0       0.0   0.0      0.0      0.0         0         0    0.000       0      0
 Sum      5/0    4.19 KB   0.0      0.0     0.0      0.0       0.0      0.0       0.0   1.0      0.0      0.4         0         1    0.002       0      0
 Int      0/0    0.00 KB   0.0      0.0     0.0      0.0       0.0      0.0       0.0   1.0      0.0      0.4         0         1    0.002       0      0
Uptime(secs): 0.0 total, 0.0 interval
Flush(GB): cumulative 0.000, interval 0.000
AddFile(GB): cumulative 0.000, interval 0.000
AddFile(Total Files): cumulative 0, interval 0
AddFile(L0 Files): cumulative 0, interval 0
AddFile(Keys): cumulative 0, interval 0
Cumulative compaction: 0.00 GB write, 0.03 MB/s write, 0.00 GB read, 0.00 MB/s read, 0.0 seconds
Interval compaction: 0.00 GB write, 0.03 MB/s write, 0.00 GB read, 0.00 MB/s read, 0.0 seconds
Stalls(count): 0 level0_slowdown, 0 level0_slowdown_with_compaction, 0 level0_numfiles, 0 level0_numfiles_with_compaction, 0 stop for pending_compaction_bytes, 0 slowdown for pending_compaction_bytes, 0 memtable_compaction, 0 memtable_slowdown, interval 0 total count

** File Read Latency Histogram By Level [Configuration] **
** Level 0 read latency histogram (micros):
Count: 26 Average: 22.8077  StdDev: 52.68
Min: 1  Median: 3.3333  Max: 211
Percentiles: P50: 3.33 P75: 9.00 P99: 189.73 P99.9: 195.97 P99.99: 196.60
------------------------------------------------------
[       0,       1 ]        2   7.692%   7.692% ##
(       1,       2 ]        5  19.231%  26.923% ####
(       2,       3 ]        5  19.231%  46.154% ####
(       3,       4 ]        3  11.538%  57.692% ##
(       4,       6 ]        3  11.538%  69.231% ##
(       6,      10 ]        2   7.692%  76.923% ##
(      22,      34 ]        4  15.385%  92.308% ###
(      34,      51 ]        1   3.846%  96.154% #
(     170,     250 ]        3  11.538% 107.692% ##

** Level 1 read latency histogram (micros):
Count: 6 Average: 42.1667  StdDev: 74.49
Min: 2  Median: 6.0000  Max: 208
Percentiles: P50: 6.00 P75: 28.00 P99: 208.00 P99.9: 208.00 P99.99: 208.00
------------------------------------------------------
(       1,       2 ]        1  16.667%  16.667% ###
(       2,       3 ]        1  16.667%  33.333% ###
(       4,       6 ]        1  16.667%  50.000% ###
(      10,      15 ]        1  16.667%  66.667% ###
(      22,      34 ]        1  16.667%  83.333% ###
(     170,     250 ]        1  16.667% 100.000% ###


** Compaction Stats [default] **
Level    Files   Size     Score Read(GB)  Rn(GB) Rnp1(GB) Write(GB) Wnew(GB) Moved(GB) W-Amp Rd(MB/s) Wr(MB/s) Comp(sec) Comp(cnt) Avg(sec) KeyIn KeyDrop
----------------------------------------------------------------------------------------------------------------------------------------------------------
  L0      4/0    2.92 KB   0.4      0.0     0.0      0.0       0.0      0.0       0.0   1.0      0.0      0.3         0         1    0.002       0      0
 Sum      4/0    2.92 KB   0.0      0.0     0.0      0.0       0.0      0.0       0.0   1.0      0.0      0.3         0         1    0.002       0      0
 Int      0/0    0.00 KB   0.0      0.0     0.0      0.0       0.0      0.0       0.0   0.0      0.0      0.0         0         0    0.000       0      0
Uptime(secs): 0.0 total, 0.0 interval
Flush(GB): cumulative 0.000, interval 0.000
AddFile(GB): cumulative 0.000, interval 0.000
AddFile(Total Files): cumulative 0, interval 0
AddFile(L0 Files): cumulative 0, interval 0
AddFile(Keys): cumulative 0, interval 0
Cumulative compaction: 0.00 GB write, 0.02 MB/s write, 0.00 GB read, 0.00 MB/s read, 0.0 seconds
Interval compaction: 0.00 GB write, 0.00 MB/s write, 0.00 GB read, 0.00 MB/s read, 0.0 seconds
Stalls(count): 0 level0_slowdown, 0 level0_slowdown_with_compaction, 0 level0_numfiles, 0 level0_numfiles_with_compaction, 0 stop for pending_compaction_bytes, 0 slowdown for pending_compaction_bytes, 0 memtable_compaction, 0 memtable_slowdown, interval 0 total count

** File Read Latency Histogram By Level [default] **
** Level 0 read latency histogram (micros):
Count: 20 Average: 27.6500  StdDev: 58.17
Min: 1  Median: 2.0000  Max: 194
Percentiles: P50: 2.00 P75: 3.00 P99: 194.00 P99.9: 194.00 P99.99: 194.00
------------------------------------------------------
[       0,       1 ]        2  10.000%  10.000% ##
(       1,       2 ]        8  40.000%  50.000% ########
(       2,       3 ]        5  25.000%  75.000% #####
(       3,       4 ]        1   5.000%  80.000% #
(      22,      34 ]        1   5.000%  85.000% #
(     110,     170 ]        2  10.000%  95.000% ##
(     170,     250 ]        1   5.000% 100.000% #


** Compaction Stats [Configuration] **
Level    Files   Size     Score Read(GB)  Rn(GB) Rnp1(GB) Write(GB) Wnew(GB) Moved(GB) W-Amp Rd(MB/s) Wr(MB/s) Comp(sec) Comp(cnt) Avg(sec) KeyIn KeyDrop
----------------------------------------------------------------------------------------------------------------------------------------------------------
  L0      4/0    3.43 KB   0.4      0.0     0.0      0.0       0.0      0.0       0.0   1.0      0.0      0.4         0         1    0.002       0      0
  L1      1/0    0.76 KB   0.0      0.0     0.0      0.0       0.0      0.0       0.0   0.0      0.0      0.0         0         0    0.000       0      0
 Sum      5/0    4.19 KB   0.0      0.0     0.0      0.0       0.0      0.0       0.0   1.0      0.0      0.4         0         1    0.002       0      0
 Int      0/0    0.00 KB   0.0      0.0     0.0      0.0       0.0      0.0       0.0   0.0      0.0      0.0         0         0    0.000       0      0
Uptime(secs): 0.0 total, 0.0 interval
Flush(GB): cumulative 0.000, interval 0.000
AddFile(GB): cumulative 0.000, interval 0.000
AddFile(Total Files): cumulative 0, interval 0
AddFile(L0 Files): cumulative 0, interval 0
AddFile(Keys): cumulative 0, interval 0
Cumulative compaction: 0.00 GB write, 0.03 MB/s write, 0.00 GB read, 0.00 MB/s read, 0.0 seconds
Interval compaction: 0.00 GB write, 0.00 MB/s write, 0.00 GB read, 0.00 MB/s read, 0.0 seconds
Stalls(count): 0 level0_slowdown, 0 level0_slowdown_with_compaction, 0 level0_numfiles, 0 level0_numfiles_with_compaction, 0 stop for pending_compaction_bytes, 0 slowdown for pending_compaction_bytes, 0 memtable_compaction, 0 memtable_slowdown, interval 0 total count

** File Read Latency Histogram By Level [Configuration] **
** Level 0 read latency histogram (micros):
Count: 26 Average: 22.8077  StdDev: 52.68
Min: 1  Median: 3.3333  Max: 211
Percentiles: P50: 3.33 P75: 9.00 P99: 189.73 P99.9: 195.97 P99.99: 196.60
------------------------------------------------------
[       0,       1 ]        2   7.692%   7.692% ##
(       1,       2 ]        5  19.231%  26.923% ####
(       2,       3 ]        5  19.231%  46.154% ####
(       3,       4 ]        3  11.538%  57.692% ##
(       4,       6 ]        3  11.538%  69.231% ##
(       6,      10 ]        2   7.692%  76.923% ##
(      22,      34 ]        4  15.385%  92.308% ###
(      34,      51 ]        1   3.846%  96.154% #
(     170,     250 ]        3  11.538% 107.692% ##

** Level 1 read latency histogram (micros):
Count: 6 Average: 42.1667  StdDev: 74.49
Min: 2  Median: 6.0000  Max: 208
Percentiles: P50: 6.00 P75: 28.00 P99: 208.00 P99.9: 208.00 P99.99: 208.00
------------------------------------------------------
(       1,       2 ]        1  16.667%  16.667% ###
(       2,       3 ]        1  16.667%  33.333% ###
(       4,       6 ]        1  16.667%  50.000% ###
(      10,      15 ]        1  16.667%  66.667% ###
(      22,      34 ]        1  16.667%  83.333% ###
(     170,     250 ]        1  16.667% 100.000% ###

2021/11/24-10:43:21.861973 6454 [WARN] [db\db_impl.cc:617] STATISTICS:
 rocksdb.block.cache.miss COUNT : 18
rocksdb.block.cache.hit COUNT : 4
rocksdb.block.cache.add COUNT : 18
rocksdb.block.cache.add.failures COUNT : 0
rocksdb.block.cache.index.miss COUNT : 5
rocksdb.block.cache.index.hit COUNT : 4
rocksdb.block.cache.index.add COUNT : 5
rocksdb.block.cache.index.bytes.insert COUNT : 510
rocksdb.block.cache.index.bytes.evict COUNT : 0
rocksdb.block.cache.filter.miss COUNT : 0
rocksdb.block.cache.filter.hit COUNT : 0
rocksdb.block.cache.filter.add COUNT : 0
rocksdb.block.cache.filter.bytes.insert COUNT : 0
rocksdb.block.cache.filter.bytes.evict COUNT : 0
rocksdb.block.cache.data.miss COUNT : 13
rocksdb.block.cache.data.hit COUNT : 0
rocksdb.block.cache.data.add COUNT : 13
rocksdb.block.cache.data.bytes.insert COUNT : 1793
rocksdb.block.cache.bytes.read COUNT : 408
rocksdb.block.cache.bytes.write COUNT : 2303
rocksdb.bloom.filter.useful COUNT : 0
rocksdb.bloom.filter.full.positive COUNT : 0
rocksdb.bloom.filter.full.true.positive COUNT : 0
rocksdb.persistent.cache.hit COUNT : 0
rocksdb.persistent.cache.miss COUNT : 0
rocksdb.sim.block.cache.hit COUNT : 0
rocksdb.sim.block.cache.miss COUNT : 0
rocksdb.memtable.hit COUNT : 0
rocksdb.memtable.miss COUNT : 0
rocksdb.l0.hit COUNT : 0
rocksdb.l1.hit COUNT : 0
rocksdb.l2andup.hit COUNT : 0
rocksdb.compaction.key.drop.new COUNT : 0
rocksdb.compaction.key.drop.obsolete COUNT : 0
rocksdb.compaction.key.drop.range_del COUNT : 0
rocksdb.compaction.key.drop.user COUNT : 0
rocksdb.compaction.range_del.drop.obsolete COUNT : 0
rocksdb.compaction.optimized.del.drop.obsolete COUNT : 0
rocksdb.compaction.cancelled COUNT : 0
rocksdb.number.keys.written COUNT : 1
rocksdb.number.keys.read COUNT : 0
rocksdb.number.keys.updated COUNT : 0
rocksdb.bytes.written COUNT : 31
rocksdb.bytes.read COUNT : 0
rocksdb.number.db.seek COUNT : 2
rocksdb.number.db.next COUNT : 1
rocksdb.number.db.prev COUNT : 0
rocksdb.number.db.seek.found COUNT : 1
rocksdb.number.db.next.found COUNT : 0
rocksdb.number.db.prev.found COUNT : 0
rocksdb.db.iter.bytes.read COUNT : 26
rocksdb.no.file.closes COUNT : 0
rocksdb.no.file.opens COUNT : 9
rocksdb.no.file.errors COUNT : 0
rocksdb.l0.slowdown.micros COUNT : 0
rocksdb.memtable.compaction.micros COUNT : 0
rocksdb.l0.num.files.stall.micros COUNT : 0
rocksdb.stall.micros COUNT : 0
rocksdb.db.mutex.wait.micros COUNT : 0
rocksdb.rate.limit.delay.millis COUNT : 0
rocksdb.num.iterators COUNT : 0
rocksdb.number.multiget.get COUNT : 0
rocksdb.number.multiget.keys.read COUNT : 0
rocksdb.number.multiget.bytes.read COUNT : 0
rocksdb.number.deletes.filtered COUNT : 0
rocksdb.number.merge.failures COUNT : 0
rocksdb.bloom.filter.prefix.checked COUNT : 0
rocksdb.bloom.filter.prefix.useful COUNT : 0
rocksdb.number.reseeks.iteration COUNT : 0
rocksdb.getupdatessince.calls COUNT : 0
rocksdb.block.cachecompressed.miss COUNT : 0
rocksdb.block.cachecompressed.hit COUNT : 0
rocksdb.block.cachecompressed.add COUNT : 0
rocksdb.block.cachecompressed.add.failures COUNT : 0
rocksdb.wal.synced COUNT : 0
rocksdb.wal.bytes COUNT : 0
rocksdb.write.self COUNT : 1
rocksdb.write.other COUNT : 0
rocksdb.write.timeout COUNT : 0
rocksdb.write.wal COUNT : 1
rocksdb.compact.read.bytes COUNT : 0
rocksdb.compact.write.bytes COUNT : 1624
rocksdb.flush.write.bytes COUNT : 0
rocksdb.number.direct.load.table.properties COUNT : 0
rocksdb.number.superversion_acquires COUNT : 2
rocksdb.number.superversion_releases COUNT : 0
rocksdb.number.superversion_cleanups COUNT : 0
rocksdb.number.block.compressed COUNT : 1
rocksdb.number.block.decompressed COUNT : 5
rocksdb.number.block.not_compressed COUNT : 0
rocksdb.merge.operation.time.nanos COUNT : 0
rocksdb.filter.operation.time.nanos COUNT : 0
rocksdb.row.cache.hit COUNT : 0
rocksdb.row.cache.miss COUNT : 0
rocksdb.read.amp.estimate.useful.bytes COUNT : 0
rocksdb.read.amp.total.read.bytes COUNT : 0
rocksdb.number.rate_limiter.drains COUNT : 0
rocksdb.number.iter.skip COUNT : 4
rocksdb.blobdb.num.put COUNT : 0
rocksdb.blobdb.num.write COUNT : 0
rocksdb.blobdb.num.get COUNT : 0
rocksdb.blobdb.num.multiget COUNT : 0
rocksdb.blobdb.num.seek COUNT : 0
rocksdb.blobdb.num.next COUNT : 0
rocksdb.blobdb.num.prev COUNT : 0
rocksdb.blobdb.num.keys.written COUNT : 0
rocksdb.blobdb.num.keys.read COUNT : 0
rocksdb.blobdb.bytes.written COUNT : 0
rocksdb.blobdb.bytes.read COUNT : 0
rocksdb.blobdb.write.inlined COUNT : 0
rocksdb.blobdb.write.inlined.ttl COUNT : 0
rocksdb.blobdb.write.blob COUNT : 0
rocksdb.blobdb.write.blob.ttl COUNT : 0
rocksdb.blobdb.blob.file.bytes.written COUNT : 0
rocksdb.blobdb.blob.file.bytes.read COUNT : 0
rocksdb.blobdb.blob.file.synced COUNT : 0
rocksdb.blobdb.blob.index.expired.count COUNT : 0
rocksdb.blobdb.blob.index.expired.size COUNT : 0
rocksdb.blobdb.blob.index.evicted.count COUNT : 0
rocksdb.blobdb.blob.index.evicted.size COUNT : 0
rocksdb.blobdb.gc.num.files COUNT : 0
rocksdb.blobdb.gc.num.new.files COUNT : 0
rocksdb.blobdb.gc.failures COUNT : 0
rocksdb.blobdb.gc.num.keys.overwritten COUNT : 0
rocksdb.blobdb.gc.num.keys.expired COUNT : 0
rocksdb.blobdb.gc.num.keys.relocated COUNT : 0
rocksdb.blobdb.gc.bytes.overwritten COUNT : 0
rocksdb.blobdb.gc.bytes.expired COUNT : 0
