2021/11/26-09:44:09.945930 3cd0 RocksDB version: 5.18.4
2021/11/26-09:44:09.946054 3cd0 Git sha rocksdb_build_git_sha:@b9a4a10659969c71e6f6eab4e4bae8c36ede919f@
2021/11/26-09:44:09.946080 3cd0 Compile date Mar 11 2020
2021/11/26-09:44:09.946101 3cd0 DB SUMMARY
2021/11/26-09:44:09.946363 3cd0 CURRENT file:  CURRENT
2021/11/26-09:44:09.946390 3cd0 IDENTITY file:  IDENTITY
2021/11/26-09:44:09.946425 3cd0 MANIFEST file:  MANIFEST-000068 size: 691 Bytes
2021/11/26-09:44:09.946448 3cd0 SST files in D:\Developer\bishe\nacos\data\protocol\raft\naming_service_metadata\log dir, Total Num: 11, files: 000049.sst 000051.sst 000053.sst 000055.sst 000057.sst 000059.sst 000061.sst 000063.sst 000065.sst 
2021/11/26-09:44:09.946468 3cd0 Write Ahead Log file in D:\Developer\bishe\nacos\data\protocol\raft\naming_service_metadata\log: 000070.log size: 3841 ; 
2021/11/26-09:44:09.946607 3cd0                         Options.error_if_exists: 0
2021/11/26-09:44:09.946621 3cd0                       Options.create_if_missing: 1
2021/11/26-09:44:09.946629 3cd0                         Options.paranoid_checks: 1
2021/11/26-09:44:09.946639 3cd0                                     Options.env: 00000231ECC59040
2021/11/26-09:44:09.946649 3cd0                                Options.info_log: 00000231ECD33520
2021/11/26-09:44:09.946658 3cd0                Options.max_file_opening_threads: 16
2021/11/26-09:44:09.946668 3cd0                              Options.statistics: 00000231F383E9C0
2021/11/26-09:44:09.946678 3cd0                               Options.use_fsync: 0
2021/11/26-09:44:09.946687 3cd0                       Options.max_log_file_size: 0
2021/11/26-09:44:09.946695 3cd0                  Options.max_manifest_file_size: 1073741824
2021/11/26-09:44:09.946704 3cd0                   Options.log_file_time_to_roll: 0
2021/11/26-09:44:09.946712 3cd0                       Options.keep_log_file_num: 1000
2021/11/26-09:44:09.946721 3cd0                    Options.recycle_log_file_num: 0
2021/11/26-09:44:09.946729 3cd0                         Options.allow_fallocate: 1
2021/11/26-09:44:09.946738 3cd0                        Options.allow_mmap_reads: 0
2021/11/26-09:44:09.946746 3cd0                       Options.allow_mmap_writes: 0
2021/11/26-09:44:09.946754 3cd0                        Options.use_direct_reads: 0
2021/11/26-09:44:09.946763 3cd0                        Options.use_direct_io_for_flush_and_compaction: 0
2021/11/26-09:44:09.946771 3cd0          Options.create_missing_column_families: 1
2021/11/26-09:44:09.946780 3cd0                              Options.db_log_dir: 
2021/11/26-09:44:09.946788 3cd0                                 Options.wal_dir: D:\Developer\bishe\nacos\data\protocol\raft\naming_service_metadata\log
2021/11/26-09:44:09.946797 3cd0                Options.table_cache_numshardbits: 6
2021/11/26-09:44:09.946805 3cd0                      Options.max_subcompactions: 1
2021/11/26-09:44:09.946814 3cd0                  Options.max_background_flushes: 1
2021/11/26-09:44:09.946822 3cd0                         Options.WAL_ttl_seconds: 0
2021/11/26-09:44:09.946831 3cd0                       Options.WAL_size_limit_MB: 0
2021/11/26-09:44:09.946839 3cd0             Options.manifest_preallocation_size: 4194304
2021/11/26-09:44:09.946848 3cd0                     Options.is_fd_close_on_exec: 1
2021/11/26-09:44:09.946857 3cd0                   Options.advise_random_on_open: 1
2021/11/26-09:44:09.946865 3cd0                    Options.db_write_buffer_size: 0
2021/11/26-09:44:09.946874 3cd0                    Options.write_buffer_manager: 00000231F2F1C5A0
2021/11/26-09:44:09.946882 3cd0         Options.access_hint_on_compaction_start: 1
2021/11/26-09:44:09.946891 3cd0  Options.new_table_reader_for_compaction_inputs: 0
2021/11/26-09:44:09.946899 3cd0           Options.random_access_max_buffer_size: 1048576
2021/11/26-09:44:09.946908 3cd0                      Options.use_adaptive_mutex: 0
2021/11/26-09:44:09.946916 3cd0                            Options.rate_limiter: 0000000000000000
2021/11/26-09:44:09.946925 3cd0     Options.sst_file_manager.rate_bytes_per_sec: 0
2021/11/26-09:44:09.946971 3cd0                       Options.wal_recovery_mode: 2
2021/11/26-09:44:09.946981 3cd0                  Options.enable_thread_tracking: 0
2021/11/26-09:44:09.946990 3cd0                  Options.enable_pipelined_write: 0
2021/11/26-09:44:09.946998 3cd0         Options.allow_concurrent_memtable_write: 1
2021/11/26-09:44:09.947007 3cd0      Options.enable_write_thread_adaptive_yield: 1
2021/11/26-09:44:09.947015 3cd0             Options.write_thread_max_yield_usec: 100
2021/11/26-09:44:09.947024 3cd0            Options.write_thread_slow_yield_usec: 3
2021/11/26-09:44:09.947032 3cd0                               Options.row_cache: None
2021/11/26-09:44:09.947041 3cd0                              Options.wal_filter: None
2021/11/26-09:44:09.947050 3cd0             Options.avoid_flush_during_recovery: 0
2021/11/26-09:44:09.947058 3cd0             Options.allow_ingest_behind: 0
2021/11/26-09:44:09.947067 3cd0             Options.preserve_deletes: 0
2021/11/26-09:44:09.947075 3cd0             Options.two_write_queues: 0
2021/11/26-09:44:09.947084 3cd0             Options.manual_wal_flush: 0
2021/11/26-09:44:09.947093 3cd0             Options.max_background_jobs: 2
2021/11/26-09:44:09.947101 3cd0             Options.max_background_compactions: 4
2021/11/26-09:44:09.947110 3cd0             Options.avoid_flush_during_shutdown: 0
2021/11/26-09:44:09.947118 3cd0           Options.writable_file_max_buffer_size: 1048576
2021/11/26-09:44:09.947126 3cd0             Options.delayed_write_rate : 16777216
2021/11/26-09:44:09.947135 3cd0             Options.max_total_wal_size: 0
2021/11/26-09:44:09.947143 3cd0             Options.delete_obsolete_files_period_micros: 21600000000
2021/11/26-09:44:09.947152 3cd0                   Options.stats_dump_period_sec: 600
2021/11/26-09:44:09.947161 3cd0                          Options.max_open_files: -1
2021/11/26-09:44:09.947169 3cd0                          Options.bytes_per_sync: 0
2021/11/26-09:44:09.947179 3cd0                      Options.wal_bytes_per_sync: 0
2021/11/26-09:44:09.947188 3cd0       Options.compaction_readahead_size: 0
2021/11/26-09:44:09.947197 3cd0 Compression algorithms supported:
2021/11/26-09:44:09.947206 3cd0 	kZSTD supported: 1
2021/11/26-09:44:09.947214 3cd0 	kSnappyCompression supported: 1
2021/11/26-09:44:09.947223 3cd0 	kBZip2Compression supported: 0
2021/11/26-09:44:09.947232 3cd0 	kZlibCompression supported: 1
2021/11/26-09:44:09.947240 3cd0 	kLZ4Compression supported: 1
2021/11/26-09:44:09.947248 3cd0 	kXpressCompression supported: 0
2021/11/26-09:44:09.947257 3cd0 	kLZ4HCCompression supported: 1
2021/11/26-09:44:09.947265 3cd0 	kZSTDNotFinalCompression supported: 1
2021/11/26-09:44:09.947276 3cd0 Fast CRC32 supported: Supported on x86
2021/11/26-09:44:09.948530 3cd0 [db\version_set.cc:3508] Recovering from manifest file: MANIFEST-000068
2021/11/26-09:44:09.948721 3cd0 [db\column_family.cc:474] --------------- Options for column family [default]:
2021/11/26-09:44:09.948735 3cd0               Options.comparator: leveldb.BytewiseComparator
2021/11/26-09:44:09.948744 3cd0           Options.merge_operator: StringAppendOperator
2021/11/26-09:44:09.948753 3cd0        Options.compaction_filter: None
2021/11/26-09:44:09.948761 3cd0        Options.compaction_filter_factory: None
2021/11/26-09:44:09.948770 3cd0         Options.memtable_factory: SkipListFactory
2021/11/26-09:44:09.948779 3cd0            Options.table_factory: BlockBasedTable
2021/11/26-09:44:09.948807 3cd0            table_factory options:   flush_block_policy_factory: FlushBlockBySizePolicyFactory (00000231ECBF2CB0)
  cache_index_and_filter_blocks: 0
  cache_index_and_filter_blocks_with_high_priority: 1
  pin_l0_filter_and_index_blocks_in_cache: 1
  pin_top_level_index_and_filter: 1
  index_type: 2
  hash_index_allow_collision: 1
  checksum: 1
  no_block_cache: 0
  block_cache: 00000231F77E8580
  block_cache_name: LRUCache
  block_cache_options:
    capacity : 536870912
    num_shard_bits : 8
    strict_capacity_limit : 0
    memory_allocator : None
    high_pri_pool_ratio: 0.000
  block_cache_compressed: 0000000000000000
  persistent_cache: 0000000000000000
  block_size: 4096
  block_size_deviation: 10
  block_restart_interval: 16
  index_block_restart_interval: 1
  metadata_block_size: 8192
  partition_filters: 1
  use_delta_encoding: 1
  filter_policy: nullptr
  whole_key_filtering: 1
  verify_compression: 0
  read_amp_bytes_per_bit: 0
  format_version: 0
  enable_index_compression: 1
  block_align: 0
2021/11/26-09:44:09.948860 3cd0        Options.write_buffer_size: 67108864
2021/11/26-09:44:09.948870 3cd0  Options.max_write_buffer_number: 3
2021/11/26-09:44:09.948879 3cd0          Options.compression: Snappy
2021/11/26-09:44:09.948887 3cd0                  Options.bottommost_compression: Disabled
2021/11/26-09:44:09.948896 3cd0       Options.prefix_extractor: rocksdb.FixedPrefix.8
2021/11/26-09:44:09.948904 3cd0   Options.memtable_insert_with_hint_prefix_extractor: nullptr
2021/11/26-09:44:09.948913 3cd0             Options.num_levels: 7
2021/11/26-09:44:09.948921 3cd0        Options.min_write_buffer_number_to_merge: 1
2021/11/26-09:44:09.948930 3cd0     Options.max_write_buffer_number_to_maintain: 0
2021/11/26-09:44:09.948938 3cd0            Options.bottommost_compression_opts.window_bits: -14
2021/11/26-09:44:09.948947 3cd0                  Options.bottommost_compression_opts.level: 32767
2021/11/26-09:44:09.948956 3cd0               Options.bottommost_compression_opts.strategy: 0
2021/11/26-09:44:09.948964 3cd0         Options.bottommost_compression_opts.max_dict_bytes: 0
2021/11/26-09:44:09.948973 3cd0         Options.bottommost_compression_opts.zstd_max_train_bytes: 0
2021/11/26-09:44:09.948981 3cd0                  Options.bottommost_compression_opts.enabled: false
2021/11/26-09:44:09.948990 3cd0            Options.compression_opts.window_bits: -14
2021/11/26-09:44:09.948998 3cd0                  Options.compression_opts.level: 32767
2021/11/26-09:44:09.949006 3cd0               Options.compression_opts.strategy: 0
2021/11/26-09:44:09.949015 3cd0         Options.compression_opts.max_dict_bytes: 0
2021/11/26-09:44:09.949023 3cd0         Options.compression_opts.zstd_max_train_bytes: 0
2021/11/26-09:44:09.949032 3cd0                  Options.compression_opts.enabled: false
2021/11/26-09:44:09.949040 3cd0      Options.level0_file_num_compaction_trigger: 10
2021/11/26-09:44:09.949049 3cd0          Options.level0_slowdown_writes_trigger: 20
2021/11/26-09:44:09.949057 3cd0              Options.level0_stop_writes_trigger: 40
2021/11/26-09:44:09.949066 3cd0                   Options.target_file_size_base: 67108864
2021/11/26-09:44:09.949074 3cd0             Options.target_file_size_multiplier: 1
2021/11/26-09:44:09.949083 3cd0                Options.max_bytes_for_level_base: 536870912
2021/11/26-09:44:09.949091 3cd0 Options.level_compaction_dynamic_level_bytes: 0
2021/11/26-09:44:09.949100 3cd0          Options.max_bytes_for_level_multiplier: 10.000000
2021/11/26-09:44:09.949109 3cd0 Options.max_bytes_for_level_multiplier_addtl[0]: 1
2021/11/26-09:44:09.949118 3cd0 Options.max_bytes_for_level_multiplier_addtl[1]: 1
2021/11/26-09:44:09.949126 3cd0 Options.max_bytes_for_level_multiplier_addtl[2]: 1
2021/11/26-09:44:09.949135 3cd0 Options.max_bytes_for_level_multiplier_addtl[3]: 1
2021/11/26-09:44:09.949143 3cd0 Options.max_bytes_for_level_multiplier_addtl[4]: 1
2021/11/26-09:44:09.949152 3cd0 Options.max_bytes_for_level_multiplier_addtl[5]: 1
2021/11/26-09:44:09.949160 3cd0 Options.max_bytes_for_level_multiplier_addtl[6]: 1
2021/11/26-09:44:09.949169 3cd0       Options.max_sequential_skip_in_iterations: 8
2021/11/26-09:44:09.949177 3cd0                    Options.max_compaction_bytes: 1677721600
2021/11/26-09:44:09.949189 3cd0                        Options.arena_block_size: 8388608
2021/11/26-09:44:09.949198 3cd0   Options.soft_pending_compaction_bytes_limit: 68719476736
2021/11/26-09:44:09.949206 3cd0   Options.hard_pending_compaction_bytes_limit: 274877906944
2021/11/26-09:44:09.949215 3cd0       Options.rate_limit_delay_max_milliseconds: 100
2021/11/26-09:44:09.949223 3cd0                Options.disable_auto_compactions: 0
2021/11/26-09:44:09.949235 3cd0                        Options.compaction_style: kCompactionStyleLevel
2021/11/26-09:44:09.949244 3cd0                          Options.compaction_pri: kByCompensatedSize
2021/11/26-09:44:09.949253 3cd0 Options.compaction_options_universal.size_ratio: 1
2021/11/26-09:44:09.949261 3cd0 Options.compaction_options_universal.min_merge_width: 2
2021/11/26-09:44:09.949270 3cd0 Options.compaction_options_universal.max_merge_width: 4294967295
2021/11/26-09:44:09.949278 3cd0 Options.compaction_options_universal.max_size_amplification_percent: 200
2021/11/26-09:44:09.949287 3cd0 Options.compaction_options_universal.compression_size_percent: -1
2021/11/26-09:44:09.949296 3cd0 Options.compaction_options_universal.stop_style: kCompactionStopStyleTotalSize
2021/11/26-09:44:09.949304 3cd0 Options.compaction_options_fifo.max_table_files_size: 1073741824
2021/11/26-09:44:09.949313 3cd0 Options.compaction_options_fifo.allow_compaction: 0
2021/11/26-09:44:09.949321 3cd0 Options.compaction_options_fifo.ttl: 0
2021/11/26-09:44:09.949330 3cd0                   Options.table_properties_collectors: 
2021/11/26-09:44:09.949338 3cd0                   Options.inplace_update_support: 0
2021/11/26-09:44:09.949347 3cd0                 Options.inplace_update_num_locks: 10000
2021/11/26-09:44:09.949355 3cd0               Options.memtable_prefix_bloom_size_ratio: 0.125000
2021/11/26-09:44:09.949365 3cd0   Options.memtable_huge_page_size: 0
2021/11/26-09:44:09.949373 3cd0                           Options.bloom_locality: 0
2021/11/26-09:44:09.949381 3cd0                    Options.max_successive_merges: 0
2021/11/26-09:44:09.949390 3cd0                Options.optimize_filters_for_hits: 0
2021/11/26-09:44:09.949398 3cd0                Options.paranoid_file_checks: 0
2021/11/26-09:44:09.949407 3cd0                Options.force_consistency_checks: 1
2021/11/26-09:44:09.949415 3cd0                Options.report_bg_io_stats: 0
2021/11/26-09:44:09.949423 3cd0                               Options.ttl: 0
2021/11/26-09:44:09.952499 3cd0 [db\column_family.cc:474] --------------- Options for column family [Configuration]:
2021/11/26-09:44:09.952582 3cd0               Options.comparator: leveldb.BytewiseComparator
2021/11/26-09:44:09.952593 3cd0           Options.merge_operator: StringAppendOperator
2021/11/26-09:44:09.952603 3cd0        Options.compaction_filter: None
2021/11/26-09:44:09.952611 3cd0        Options.compaction_filter_factory: None
2021/11/26-09:44:09.952620 3cd0         Options.memtable_factory: SkipListFactory
2021/11/26-09:44:09.952629 3cd0            Options.table_factory: BlockBasedTable
2021/11/26-09:44:09.952655 3cd0            table_factory options:   flush_block_policy_factory: FlushBlockBySizePolicyFactory (00000231ECBF2CB0)
  cache_index_and_filter_blocks: 0
  cache_index_and_filter_blocks_with_high_priority: 1
  pin_l0_filter_and_index_blocks_in_cache: 1
  pin_top_level_index_and_filter: 1
  index_type: 2
  hash_index_allow_collision: 1
  checksum: 1
  no_block_cache: 0
  block_cache: 00000231F77E8580
  block_cache_name: LRUCache
  block_cache_options:
    capacity : 536870912
    num_shard_bits : 8
    strict_capacity_limit : 0
    memory_allocator : None
    high_pri_pool_ratio: 0.000
  block_cache_compressed: 0000000000000000
  persistent_cache: 0000000000000000
  block_size: 4096
  block_size_deviation: 10
  block_restart_interval: 16
  index_block_restart_interval: 1
  metadata_block_size: 8192
  partition_filters: 1
  use_delta_encoding: 1
  filter_policy: nullptr
  whole_key_filtering: 1
  verify_compression: 0
  read_amp_bytes_per_bit: 0
  format_version: 0
  enable_index_compression: 1
  block_align: 0
2021/11/26-09:44:09.952726 3cd0        Options.write_buffer_size: 67108864
2021/11/26-09:44:09.952734 3cd0  Options.max_write_buffer_number: 3
2021/11/26-09:44:09.952743 3cd0          Options.compression: Snappy
2021/11/26-09:44:09.952752 3cd0                  Options.bottommost_compression: Disabled
2021/11/26-09:44:09.952761 3cd0       Options.prefix_extractor: rocksdb.FixedPrefix.8
2021/11/26-09:44:09.952822 3cd0   Options.memtable_insert_with_hint_prefix_extractor: nullptr
2021/11/26-09:44:09.952856 3cd0             Options.num_levels: 7
2021/11/26-09:44:09.952865 3cd0        Options.min_write_buffer_number_to_merge: 1
2021/11/26-09:44:09.952873 3cd0     Options.max_write_buffer_number_to_maintain: 0
2021/11/26-09:44:09.952882 3cd0            Options.bottommost_compression_opts.window_bits: -14
2021/11/26-09:44:09.952891 3cd0                  Options.bottommost_compression_opts.level: 32767
2021/11/26-09:44:09.952899 3cd0               Options.bottommost_compression_opts.strategy: 0
2021/11/26-09:44:09.952908 3cd0         Options.bottommost_compression_opts.max_dict_bytes: 0
2021/11/26-09:44:09.952916 3cd0         Options.bottommost_compression_opts.zstd_max_train_bytes: 0
2021/11/26-09:44:09.952925 3cd0                  Options.bottommost_compression_opts.enabled: false
2021/11/26-09:44:09.952934 3cd0            Options.compression_opts.window_bits: -14
2021/11/26-09:44:09.952942 3cd0                  Options.compression_opts.level: 32767
2021/11/26-09:44:09.952951 3cd0               Options.compression_opts.strategy: 0
2021/11/26-09:44:09.952960 3cd0         Options.compression_opts.max_dict_bytes: 0
2021/11/26-09:44:09.952968 3cd0         Options.compression_opts.zstd_max_train_bytes: 0
2021/11/26-09:44:09.952977 3cd0                  Options.compression_opts.enabled: false
2021/11/26-09:44:09.952986 3cd0      Options.level0_file_num_compaction_trigger: 10
2021/11/26-09:44:09.952995 3cd0          Options.level0_slowdown_writes_trigger: 20
2021/11/26-09:44:09.953003 3cd0              Options.level0_stop_writes_trigger: 40
2021/11/26-09:44:09.953073 3cd0                   Options.target_file_size_base: 67108864
2021/11/26-09:44:09.953082 3cd0             Options.target_file_size_multiplier: 1
2021/11/26-09:44:09.953091 3cd0                Options.max_bytes_for_level_base: 536870912
2021/11/26-09:44:09.953099 3cd0 Options.level_compaction_dynamic_level_bytes: 0
2021/11/26-09:44:09.953108 3cd0          Options.max_bytes_for_level_multiplier: 10.000000
2021/11/26-09:44:09.953117 3cd0 Options.max_bytes_for_level_multiplier_addtl[0]: 1
2021/11/26-09:44:09.953126 3cd0 Options.max_bytes_for_level_multiplier_addtl[1]: 1
2021/11/26-09:44:09.953135 3cd0 Options.max_bytes_for_level_multiplier_addtl[2]: 1
2021/11/26-09:44:09.953144 3cd0 Options.max_bytes_for_level_multiplier_addtl[3]: 1
2021/11/26-09:44:09.953152 3cd0 Options.max_bytes_for_level_multiplier_addtl[4]: 1
2021/11/26-09:44:09.953161 3cd0 Options.max_bytes_for_level_multiplier_addtl[5]: 1
2021/11/26-09:44:09.953169 3cd0 Options.max_bytes_for_level_multiplier_addtl[6]: 1
2021/11/26-09:44:09.953178 3cd0       Options.max_sequential_skip_in_iterations: 8
2021/11/26-09:44:09.953189 3cd0                    Options.max_compaction_bytes: 1677721600
2021/11/26-09:44:09.953197 3cd0                        Options.arena_block_size: 8388608
2021/11/26-09:44:09.953206 3cd0   Options.soft_pending_compaction_bytes_limit: 68719476736
2021/11/26-09:44:09.953214 3cd0   Options.hard_pending_compaction_bytes_limit: 274877906944
2021/11/26-09:44:09.953223 3cd0       Options.rate_limit_delay_max_milliseconds: 100
2021/11/26-09:44:09.953231 3cd0                Options.disable_auto_compactions: 0
2021/11/26-09:44:09.953241 3cd0                        Options.compaction_style: kCompactionStyleLevel
2021/11/26-09:44:09.953250 3cd0                          Options.compaction_pri: kByCompensatedSize
2021/11/26-09:44:09.953258 3cd0 Options.compaction_options_universal.size_ratio: 1
2021/11/26-09:44:09.953267 3cd0 Options.compaction_options_universal.min_merge_width: 2
2021/11/26-09:44:09.953275 3cd0 Options.compaction_options_universal.max_merge_width: 4294967295
2021/11/26-09:44:09.953284 3cd0 Options.compaction_options_universal.max_size_amplification_percent: 200
2021/11/26-09:44:09.953292 3cd0 Options.compaction_options_universal.compression_size_percent: -1
2021/11/26-09:44:09.953302 3cd0 Options.compaction_options_universal.stop_style: kCompactionStopStyleTotalSize
2021/11/26-09:44:09.953311 3cd0 Options.compaction_options_fifo.max_table_files_size: 1073741824
2021/11/26-09:44:09.953321 3cd0 Options.compaction_options_fifo.allow_compaction: 0
2021/11/26-09:44:09.953329 3cd0 Options.compaction_options_fifo.ttl: 0
2021/11/26-09:44:09.953338 3cd0                   Options.table_properties_collectors: 
2021/11/26-09:44:09.953346 3cd0                   Options.inplace_update_support: 0
2021/11/26-09:44:09.953355 3cd0                 Options.inplace_update_num_locks: 10000
2021/11/26-09:44:09.953364 3cd0               Options.memtable_prefix_bloom_size_ratio: 0.125000
2021/11/26-09:44:09.953373 3cd0   Options.memtable_huge_page_size: 0
2021/11/26-09:44:09.953381 3cd0                           Options.bloom_locality: 0
2021/11/26-09:44:09.953390 3cd0                    Options.max_successive_merges: 0
2021/11/26-09:44:09.953401 3cd0                Options.optimize_filters_for_hits: 0
2021/11/26-09:44:09.953411 3cd0                Options.paranoid_file_checks: 0
2021/11/26-09:44:09.953422 3cd0                Options.force_consistency_checks: 1
2021/11/26-09:44:09.953433 3cd0                Options.report_bg_io_stats: 0
2021/11/26-09:44:09.953443 3cd0                               Options.ttl: 0
2021/11/26-09:44:09.958807 3cd0 [db\version_set.cc:3724] Recovered from manifest file:D:\Developer\bishe\nacos\data\protocol\raft\naming_service_metadata\log/MANIFEST-000068 succeeded,manifest_file_number is 68, next_file_number is 71, last_sequence is 1346, log_number is 0,prev_log_number is 0,max_column_family is 1,min_log_number_to_keep is 0
2021/11/26-09:44:09.958834 3cd0 [db\version_set.cc:3732] Column family [default] (ID 0), log number is 67
2021/11/26-09:44:09.958844 3cd0 [db\version_set.cc:3732] Column family [Configuration] (ID 1), log number is 67
2021/11/26-09:44:09.959288 3cd0 EVENT_LOG_v1 {"time_micros": 1637891049959278, "job": 1, "event": "recovery_started", "log_files": [70]}
2021/11/26-09:44:09.959309 3cd0 [db\db_impl_open.cc:578] Recovering log #70 mode 2
2021/11/26-09:44:09.962305 3cd0 EVENT_LOG_v1 {"time_micros": 1637891049962285, "cf_name": "default", "job": 1, "event": "table_file_creation", "file_number": 71, "file_size": 747, "table_properties": {"data_size": 0, "index_size": 13, "filter_size": 0, "raw_key_size": 32, "raw_average_key_size": 0, "raw_value_size": 16, "raw_average_value_size": 0, "num_data_blocks": 0, "num_entries": 0, "filter_policy_name": ""}}
2021/11/26-09:44:09.965238 3cd0 [db\version_set.cc:3037] Creating manifest 72
2021/11/26-09:44:09.972548 3cd0 EVENT_LOG_v1 {"time_micros": 1637891049972529, "cf_name": "Configuration", "job": 1, "event": "table_file_creation", "file_number": 73, "file_size": 877, "table_properties": {"data_size": 44, "index_size": 49, "filter_size": 0, "raw_key_size": 58, "raw_average_key_size": 58, "raw_value_size": 24, "raw_average_value_size": 24, "num_data_blocks": 1, "num_entries": 1, "filter_policy_name": ""}}
2021/11/26-09:44:09.976512 3cd0 EVENT_LOG_v1 {"time_micros": 1637891049976503, "job": 1, "event": "recovery_finished"}
2021/11/26-09:44:09.983378 3cd0 [db\db_impl_open.cc:1314] DB pointer 00000231F4CBD030
2021/11/26-09:44:09.983874 66b4 [WARN] [db\db_impl.cc:669] ------- DUMPING STATS -------
2021/11/26-09:44:09.983896 66b4 [WARN] [db\db_impl.cc:670] 
** DB Stats **
Uptime(secs): 0.0 total, 0.0 interval
Cumulative writes: 0 writes, 0 keys, 0 commit groups, 0.0 writes per commit group, ingest: 0.00 GB, 0.00 MB/s
Cumulative WAL: 0 writes, 0 syncs, 0.00 writes per sync, written: 0.00 GB, 0.00 MB/s
Cumulative stall: 00:00:0.000 H:M:S, 0.0 percent
Interval writes: 0 writes, 0 keys, 0 commit groups, 0.0 writes per commit group, ingest: 0.00 MB, 0.00 MB/s
Interval WAL: 0 writes, 0 syncs, 0.00 writes per sync, written: 0.00 MB, 0.00 MB/s
Interval stall: 00:00:0.000 H:M:S, 0.0 percent

** Compaction Stats [default] **
Level    Files   Size     Score Read(GB)  Rn(GB) Rnp1(GB) Write(GB) Wnew(GB) Moved(GB) W-Amp Rd(MB/s) Wr(MB/s) Comp(sec) Comp(cnt) Avg(sec) KeyIn KeyDrop
----------------------------------------------------------------------------------------------------------------------------------------------------------
  L0      6/0    4.38 KB   0.6      0.0     0.0      0.0       0.0      0.0       0.0   1.0      0.0      0.3         0         1    0.002       0      0
 Sum      6/0    4.38 KB   0.0      0.0     0.0      0.0       0.0      0.0       0.0   1.0      0.0      0.3         0         1    0.002       0      0
 Int      0/0    0.00 KB   0.0      0.0     0.0      0.0       0.0      0.0       0.0   1.0      0.0      0.3         0         1    0.002       0      0
Uptime(secs): 0.0 total, 0.0 interval
Flush(GB): cumulative 0.000, interval 0.000
AddFile(GB): cumulative 0.000, interval 0.000
AddFile(Total Files): cumulative 0, interval 0
AddFile(L0 Files): cumulative 0, interval 0
AddFile(Keys): cumulative 0, interval 0
Cumulative compaction: 0.00 GB write, 0.02 MB/s write, 0.00 GB read, 0.00 MB/s read, 0.0 seconds
Interval compaction: 0.00 GB write, 0.02 MB/s write, 0.00 GB read, 0.00 MB/s read, 0.0 seconds
Stalls(count): 0 level0_slowdown, 0 level0_slowdown_with_compaction, 0 level0_numfiles, 0 level0_numfiles_with_compaction, 0 stop for pending_compaction_bytes, 0 slowdown for pending_compaction_bytes, 0 memtable_compaction, 0 memtable_slowdown, interval 0 total count

** File Read Latency Histogram By Level [default] **
** Level 0 read latency histogram (micros):
Count: 30 Average: 58.1667  StdDev: 128.12
Min: 1  Median: 2.0000  Max: 484
Percentiles: P50: 2.00 P75: 7.00 P99: 484.00 P99.9: 484.00 P99.99: 484.00
------------------------------------------------------
[       0,       1 ]        1   3.333%   3.333% #
(       1,       2 ]       14  46.667%  50.000% #########
(       2,       3 ]        4  13.333%  63.333% ###
(       3,       4 ]        2   6.667%  70.000% #
(       4,       6 ]        1   3.333%  73.333% #
(       6,      10 ]        2   6.667%  80.000% #
(      34,      51 ]        1   3.333%  83.333% #
(     170,     250 ]        2   6.667%  90.000% #
(     250,     380 ]        1   3.333%  93.333% #
(     380,     580 ]        2   6.667% 100.000% #


** Compaction Stats [Configuration] **
Level    Files   Size     Score Read(GB)  Rn(GB) Rnp1(GB) Write(GB) Wnew(GB) Moved(GB) W-Amp Rd(MB/s) Wr(MB/s) Comp(sec) Comp(cnt) Avg(sec) KeyIn KeyDrop
----------------------------------------------------------------------------------------------------------------------------------------------------------
  L0      6/0    5.14 KB   0.6      0.0     0.0      0.0       0.0      0.0       0.0   1.0      0.0      0.4         0         1    0.002       0      0
  L1      1/0    0.76 KB   0.0      0.0     0.0      0.0       0.0      0.0       0.0   0.0      0.0      0.0         0         0    0.000       0      0
 Sum      7/0    5.90 KB   0.0      0.0     0.0      0.0       0.0      0.0       0.0   1.0      0.0      0.4         0         1    0.002       0      0
 Int      0/0    0.00 KB   0.0      0.0     0.0      0.0       0.0      0.0       0.0   1.0      0.0      0.4         0         1    0.002       0      0
Uptime(secs): 0.0 total, 0.0 interval
Flush(GB): cumulative 0.000, interval 0.000
AddFile(GB): cumulative 0.000, interval 0.000
AddFile(Total Files): cumulative 0, interval 0
AddFile(L0 Files): cumulative 0, interval 0
AddFile(Keys): cumulative 0, interval 0
Cumulative compaction: 0.00 GB write, 0.03 MB/s write, 0.00 GB read, 0.00 MB/s read, 0.0 seconds
Interval compaction: 0.00 GB write, 0.03 MB/s write, 0.00 GB read, 0.00 MB/s read, 0.0 seconds
Stalls(count): 0 level0_slowdown, 0 level0_slowdown_with_compaction, 0 level0_numfiles, 0 level0_numfiles_with_compaction, 0 stop for pending_compaction_bytes, 0 slowdown for pending_compaction_bytes, 0 memtable_compaction, 0 memtable_slowdown, interval 0 total count

** File Read Latency Histogram By Level [Configuration] **
** Level 0 read latency histogram (micros):
Count: 41 Average: 56.9512  StdDev: 143.56
Min: 1  Median: 2.5000  Max: 567
Percentiles: P50: 2.50 P75: 7.40 P99: 552.67 P99.9: 567.00 P99.99: 567.00
------------------------------------------------------
[       0,       1 ]        1   2.439%   2.439% 
(       1,       2 ]       16  39.024%  41.463% ########
(       2,       3 ]        7  17.073%  58.537% ###
(       3,       4 ]        3   7.317%  65.854% #
(       4,       6 ]        2   4.878%  70.732% #
(       6,      10 ]        5  12.195%  82.927% ##
(      10,      15 ]        1   2.439%  85.366% 
(      34,      51 ]        1   2.439%  87.805% 
(     250,     380 ]        2   4.878%  92.683% #
(     380,     580 ]        3   7.317% 100.000% #

** Level 1 read latency histogram (micros):
Count: 6 Average: 44.5000  StdDev: 95.04
Min: 1  Median: 1.5000  Max: 257
Percentiles: P50: 1.50 P75: 3.50 P99: 257.00 P99.9: 257.00 P99.99: 257.00
------------------------------------------------------
[       0,       1 ]        2  33.333%  33.333% #######
(       1,       2 ]        2  33.333%  66.667% #######
(       3,       4 ]        1  16.667%  83.333% ###
(     250,     380 ]        1  16.667% 100.000% ###


** Compaction Stats [default] **
Level    Files   Size     Score Read(GB)  Rn(GB) Rnp1(GB) Write(GB) Wnew(GB) Moved(GB) W-Amp Rd(MB/s) Wr(MB/s) Comp(sec) Comp(cnt) Avg(sec) KeyIn KeyDrop
----------------------------------------------------------------------------------------------------------------------------------------------------------
  L0      6/0    4.38 KB   0.6      0.0     0.0      0.0       0.0      0.0       0.0   1.0      0.0      0.3         0         1    0.002       0      0
 Sum      6/0    4.38 KB   0.0      0.0     0.0      0.0       0.0      0.0       0.0   1.0      0.0      0.3         0         1    0.002       0      0
 Int      0/0    0.00 KB   0.0      0.0     0.0      0.0       0.0      0.0       0.0   0.0      0.0      0.0         0         0    0.000       0      0
Uptime(secs): 0.0 total, 0.0 interval
Flush(GB): cumulative 0.000, interval 0.000
AddFile(GB): cumulative 0.000, interval 0.000
AddFile(Total Files): cumulative 0, interval 0
AddFile(L0 Files): cumulative 0, interval 0
AddFile(Keys): cumulative 0, interval 0
Cumulative compaction: 0.00 GB write, 0.02 MB/s write, 0.00 GB read, 0.00 MB/s read, 0.0 seconds
Interval compaction: 0.00 GB write, 0.00 MB/s write, 0.00 GB read, 0.00 MB/s read, 0.0 seconds
Stalls(count): 0 level0_slowdown, 0 level0_slowdown_with_compaction, 0 level0_numfiles, 0 level0_numfiles_with_compaction, 0 stop for pending_compaction_bytes, 0 slowdown for pending_compaction_bytes, 0 memtable_compaction, 0 memtable_slowdown, interval 0 total count

** File Read Latency Histogram By Level [default] **
** Level 0 read latency histogram (micros):
Count: 30 Average: 58.1667  StdDev: 128.12
Min: 1  Median: 2.0000  Max: 484
Percentiles: P50: 2.00 P75: 7.00 P99: 484.00 P99.9: 484.00 P99.99: 484.00
------------------------------------------------------
[       0,       1 ]        1   3.333%   3.333% #
(       1,       2 ]       14  46.667%  50.000% #########
(       2,       3 ]        4  13.333%  63.333% ###
(       3,       4 ]        2   6.667%  70.000% #
(       4,       6 ]        1   3.333%  73.333% #
(       6,      10 ]        2   6.667%  80.000% #
(      34,      51 ]        1   3.333%  83.333% #
(     170,     250 ]        2   6.667%  90.000% #
(     250,     380 ]        1   3.333%  93.333% #
(     380,     580 ]        2   6.667% 100.000% #


** Compaction Stats [Configuration] **
Level    Files   Size     Score Read(GB)  Rn(GB) Rnp1(GB) Write(GB) Wnew(GB) Moved(GB) W-Amp Rd(MB/s) Wr(MB/s) Comp(sec) Comp(cnt) Avg(sec) KeyIn KeyDrop
----------------------------------------------------------------------------------------------------------------------------------------------------------
  L0      6/0    5.14 KB   0.6      0.0     0.0      0.0       0.0      0.0       0.0   1.0      0.0      0.4         0         1    0.002       0      0
  L1      1/0    0.76 KB   0.0      0.0     0.0      0.0       0.0      0.0       0.0   0.0      0.0      0.0         0         0    0.000       0      0
 Sum      7/0    5.90 KB   0.0      0.0     0.0      0.0       0.0      0.0       0.0   1.0      0.0      0.4         0         1    0.002       0      0
 Int      0/0    0.00 KB   0.0      0.0     0.0      0.0       0.0      0.0       0.0   0.0      0.0      0.0         0         0    0.000       0      0
Uptime(secs): 0.0 total, 0.0 interval
Flush(GB): cumulative 0.000, interval 0.000
AddFile(GB): cumulative 0.000, interval 0.000
AddFile(Total Files): cumulative 0, interval 0
AddFile(L0 Files): cumulative 0, interval 0
AddFile(Keys): cumulative 0, interval 0
Cumulative compaction: 0.00 GB write, 0.03 MB/s write, 0.00 GB read, 0.00 MB/s read, 0.0 seconds
Interval compaction: 0.00 GB write, 0.00 MB/s write, 0.00 GB read, 0.00 MB/s read, 0.0 seconds
Stalls(count): 0 level0_slowdown, 0 level0_slowdown_with_compaction, 0 level0_numfiles, 0 level0_numfiles_with_compaction, 0 stop for pending_compaction_bytes, 0 slowdown for pending_compaction_bytes, 0 memtable_compaction, 0 memtable_slowdown, interval 0 total count

** File Read Latency Histogram By Level [Configuration] **
** Level 0 read latency histogram (micros):
Count: 41 Average: 56.9512  StdDev: 143.56
Min: 1  Median: 2.5000  Max: 567
Percentiles: P50: 2.50 P75: 7.40 P99: 552.67 P99.9: 567.00 P99.99: 567.00
------------------------------------------------------
[       0,       1 ]        1   2.439%   2.439% 
(       1,       2 ]       16  39.024%  41.463% ########
(       2,       3 ]        7  17.073%  58.537% ###
(       3,       4 ]        3   7.317%  65.854% #
(       4,       6 ]        2   4.878%  70.732% #
(       6,      10 ]        5  12.195%  82.927% ##
(      10,      15 ]        1   2.439%  85.366% 
(      34,      51 ]        1   2.439%  87.805% 
(     250,     380 ]        2   4.878%  92.683% #
(     380,     580 ]        3   7.317% 100.000% #

** Level 1 read latency histogram (micros):
Count: 6 Average: 44.5000  StdDev: 95.04
Min: 1  Median: 1.5000  Max: 257
Percentiles: P50: 1.50 P75: 3.50 P99: 257.00 P99.9: 257.00 P99.99: 257.00
------------------------------------------------------
[       0,       1 ]        2  33.333%  33.333% #######
(       1,       2 ]        2  33.333%  66.667% #######
(       3,       4 ]        1  16.667%  83.333% ###
(     250,     380 ]        1  16.667% 100.000% ###

2021/11/26-09:44:09.985053 66b4 [WARN] [db\db_impl.cc:617] STATISTICS:
 rocksdb.block.cache.miss COUNT : 26
rocksdb.block.cache.hit COUNT : 6
rocksdb.block.cache.add COUNT : 26
rocksdb.block.cache.add.failures COUNT : 0
rocksdb.block.cache.index.miss COUNT : 7
rocksdb.block.cache.index.hit COUNT : 6
rocksdb.block.cache.index.add COUNT : 7
rocksdb.block.cache.index.bytes.insert COUNT : 714
rocksdb.block.cache.index.bytes.evict COUNT : 0
rocksdb.block.cache.filter.miss COUNT : 0
rocksdb.block.cache.filter.hit COUNT : 0
rocksdb.block.cache.filter.add COUNT : 0
rocksdb.block.cache.filter.bytes.insert COUNT : 0
rocksdb.block.cache.filter.bytes.evict COUNT : 0
rocksdb.block.cache.data.miss COUNT : 19
rocksdb.block.cache.data.hit COUNT : 0
rocksdb.block.cache.data.add COUNT : 19
rocksdb.block.cache.data.bytes.insert COUNT : 2627
rocksdb.block.cache.bytes.read COUNT : 612
rocksdb.block.cache.bytes.write COUNT : 3341
rocksdb.bloom.filter.useful COUNT : 0
rocksdb.bloom.filter.full.positive COUNT : 0
rocksdb.bloom.filter.full.true.positive COUNT : 0
rocksdb.persistent.cache.hit COUNT : 0
rocksdb.persistent.cache.miss COUNT : 0
rocksdb.sim.block.cache.hit COUNT : 0
rocksdb.sim.block.cache.miss COUNT : 0
rocksdb.memtable.hit COUNT : 0
rocksdb.memtable.miss COUNT : 0
rocksdb.l0.hit COUNT : 0
rocksdb.l1.hit COUNT : 0
rocksdb.l2andup.hit COUNT : 0
rocksdb.compaction.key.drop.new COUNT : 0
rocksdb.compaction.key.drop.obsolete COUNT : 0
rocksdb.compaction.key.drop.range_del COUNT : 0
rocksdb.compaction.key.drop.user COUNT : 0
rocksdb.compaction.range_del.drop.obsolete COUNT : 0
rocksdb.compaction.optimized.del.drop.obsolete COUNT : 0
rocksdb.compaction.cancelled COUNT : 0
rocksdb.number.keys.written COUNT : 1
rocksdb.number.keys.read COUNT : 0
rocksdb.number.keys.updated COUNT : 0
rocksdb.bytes.written COUNT : 31
rocksdb.bytes.read COUNT : 0
rocksdb.number.db.seek COUNT : 2
rocksdb.number.db.next COUNT : 1
rocksdb.number.db.prev COUNT : 0
rocksdb.number.db.seek.found COUNT : 1
rocksdb.number.db.next.found COUNT : 0
rocksdb.number.db.prev.found COUNT : 0
rocksdb.db.iter.bytes.read COUNT : 26
rocksdb.no.file.closes COUNT : 0
rocksdb.no.file.opens COUNT : 13
rocksdb.no.file.errors COUNT : 0
rocksdb.l0.slowdown.micros COUNT : 0
rocksdb.memtable.compaction.micros COUNT : 0
rocksdb.l0.num.files.stall.micros COUNT : 0
rocksdb.stall.micros COUNT : 0
rocksdb.db.mutex.wait.micros COUNT : 0
rocksdb.rate.limit.delay.millis COUNT : 0
rocksdb.num.iterators COUNT : 0
rocksdb.number.multiget.get COUNT : 0
rocksdb.number.multiget.keys.read COUNT : 0
rocksdb.number.multiget.bytes.read COUNT : 0
rocksdb.number.deletes.filtered COUNT : 0
rocksdb.number.merge.failures COUNT : 0
rocksdb.bloom.filter.prefix.checked COUNT : 0
rocksdb.bloom.filter.prefix.useful COUNT : 0
rocksdb.number.reseeks.iteration COUNT : 0
rocksdb.getupdatessince.calls COUNT : 0
rocksdb.block.cachecompressed.miss COUNT : 0
rocksdb.block.cachecompressed.hit COUNT : 0
rocksdb.block.cachecompressed.add COUNT : 0
rocksdb.block.cachecompressed.add.failures COUNT : 0
rocksdb.wal.synced COUNT : 0
rocksdb.wal.bytes COUNT : 0
rocksdb.write.self COUNT : 1
rocksdb.write.other COUNT : 0
rocksdb.write.timeout COUNT : 0
rocksdb.write.wal COUNT : 1
rocksdb.compact.read.bytes COUNT : 0
rocksdb.compact.write.bytes COUNT : 1624
rocksdb.flush.write.bytes COUNT : 0
rocksdb.number.direct.load.table.properties COUNT : 0
rocksdb.number.superversion_acquires COUNT : 2
rocksdb.number.superversion_releases COUNT : 0
rocksdb.number.superversion_cleanups COUNT : 0
rocksdb.number.block.compressed COUNT : 1
rocksdb.number.block.decompressed COUNT : 7
rocksdb.number.block.not_compressed COUNT : 0
rocksdb.merge.operation.time.nanos COUNT : 0
rocksdb.filter.operation.time.nanos COUNT : 0
rocksdb.row.cache.hit COUNT : 0
rocksdb.row.cache.miss COUNT : 0
rocksdb.read.amp.estimate.useful.bytes COUNT : 0
rocksdb.read.amp.total.read.bytes COUNT : 0
rocksdb.number.rate_limiter.drains COUNT : 0
rocksdb.number.iter.skip COUNT : 6
rocksdb.blobdb.num.put COUNT : 0
rocksdb.blobdb.num.write COUNT : 0
rocksdb.blobdb.num.get COUNT : 0
rocksdb.blobdb.num.multiget COUNT : 0
rocksdb.blobdb.num.seek COUNT : 0
rocksdb.blobdb.num.next COUNT : 0
rocksdb.blobdb.num.prev COUNT : 0
rocksdb.blobdb.num.keys.written COUNT : 0
rocksdb.blobdb.num.keys.read COUNT : 0
rocksdb.blobdb.bytes.written COUNT : 0
rocksdb.blobdb.bytes.read COUNT : 0
rocksdb.blobdb.write.inlined COUNT : 0
rocksdb.blobdb.write.inlined.ttl COUNT : 0
rocksdb.blobdb.write.blob COUNT : 0
rocksdb.blobdb.write.blob.ttl COUNT : 0
rocksdb.blobdb.blob.file.bytes.written COUNT : 0
rocksdb.blobdb.blob.file.bytes.read COUNT : 0
rocksdb.blobdb.blob.file.synced COUNT : 0
rocksdb.blobdb.blob.index.expired.count COUNT : 0
rocksdb.blobdb.blob.index.expired.size COUNT : 0
rocksdb.blobdb.blob.index.evicted.count COUNT : 0
rocksdb.blobdb.blob.index.evicted.size COUNT : 0
rocksdb.blobdb.gc.num.files COUNT : 0
rocksdb.blobdb.gc.num.new.files COUNT : 0
rocksdb.blobdb.gc.failures COUNT : 0
