2021/11/20-10:51:07.824486 1a7a0 RocksDB version: 5.18.4
2021/11/20-10:51:07.824981 1a7a0 Git sha rocksdb_build_git_sha:@b9a4a10659969c71e6f6eab4e4bae8c36ede919f@
2021/11/20-10:51:07.825007 1a7a0 Compile date Mar 11 2020
2021/11/20-10:51:07.825464 1a7a0 DB SUMMARY
2021/11/20-10:51:07.826196 1a7a0 CURRENT file:  CURRENT
2021/11/20-10:51:07.826604 1a7a0 IDENTITY file:  IDENTITY
2021/11/20-10:51:07.826650 1a7a0 MANIFEST file:  MANIFEST-000035 size: 909 Bytes
2021/11/20-10:51:07.826673 1a7a0 SST files in D:\Developer\bishe\nacos\data\protocol\raft\naming_instance_metadata\log dir, Total Num: 16, files: 000006.sst 000008.sst 000010.sst 000012.sst 000014.sst 000016.sst 000018.sst 000020.sst 000022.sst 
2021/11/20-10:51:07.826694 1a7a0 Write Ahead Log file in D:\Developer\bishe\nacos\data\protocol\raft\naming_instance_metadata\log: 000037.log size: 1951 ; 
2021/11/20-10:51:07.826801 1a7a0                         Options.error_if_exists: 0
2021/11/20-10:51:07.826815 1a7a0                       Options.create_if_missing: 1
2021/11/20-10:51:07.826823 1a7a0                         Options.paranoid_checks: 1
2021/11/20-10:51:07.826832 1a7a0                                     Options.env: 0000029BEBA710F0
2021/11/20-10:51:07.826841 1a7a0                                Options.info_log: 0000029BEFE09C80
2021/11/20-10:51:07.826850 1a7a0                Options.max_file_opening_threads: 16
2021/11/20-10:51:07.826858 1a7a0                              Options.statistics: 0000029BEAA62630
2021/11/20-10:51:07.826867 1a7a0                               Options.use_fsync: 0
2021/11/20-10:51:07.826876 1a7a0                       Options.max_log_file_size: 0
2021/11/20-10:51:07.826885 1a7a0                  Options.max_manifest_file_size: 1073741824
2021/11/20-10:51:07.826893 1a7a0                   Options.log_file_time_to_roll: 0
2021/11/20-10:51:07.826902 1a7a0                       Options.keep_log_file_num: 1000
2021/11/20-10:51:07.826911 1a7a0                    Options.recycle_log_file_num: 0
2021/11/20-10:51:07.826919 1a7a0                         Options.allow_fallocate: 1
2021/11/20-10:51:07.826928 1a7a0                        Options.allow_mmap_reads: 0
2021/11/20-10:51:07.826937 1a7a0                       Options.allow_mmap_writes: 0
2021/11/20-10:51:07.826945 1a7a0                        Options.use_direct_reads: 0
2021/11/20-10:51:07.827146 1a7a0                        Options.use_direct_io_for_flush_and_compaction: 0
2021/11/20-10:51:07.827234 1a7a0          Options.create_missing_column_families: 1
2021/11/20-10:51:07.827242 1a7a0                              Options.db_log_dir: 
2021/11/20-10:51:07.827251 1a7a0                                 Options.wal_dir: D:\Developer\bishe\nacos\data\protocol\raft\naming_instance_metadata\log
2021/11/20-10:51:07.827260 1a7a0                Options.table_cache_numshardbits: 6
2021/11/20-10:51:07.827269 1a7a0                      Options.max_subcompactions: 1
2021/11/20-10:51:07.827277 1a7a0                  Options.max_background_flushes: 1
2021/11/20-10:51:07.827287 1a7a0                         Options.WAL_ttl_seconds: 0
2021/11/20-10:51:07.827297 1a7a0                       Options.WAL_size_limit_MB: 0
2021/11/20-10:51:07.827308 1a7a0             Options.manifest_preallocation_size: 4194304
2021/11/20-10:51:07.827317 1a7a0                     Options.is_fd_close_on_exec: 1
2021/11/20-10:51:07.827325 1a7a0                   Options.advise_random_on_open: 1
2021/11/20-10:51:07.827398 1a7a0                    Options.db_write_buffer_size: 0
2021/11/20-10:51:07.827463 1a7a0                    Options.write_buffer_manager: 0000029BEDF1B5B0
2021/11/20-10:51:07.827472 1a7a0         Options.access_hint_on_compaction_start: 1
2021/11/20-10:51:07.827481 1a7a0  Options.new_table_reader_for_compaction_inputs: 0
2021/11/20-10:51:07.827489 1a7a0           Options.random_access_max_buffer_size: 1048576
2021/11/20-10:51:07.827498 1a7a0                      Options.use_adaptive_mutex: 0
2021/11/20-10:51:07.827506 1a7a0                            Options.rate_limiter: 0000000000000000
2021/11/20-10:51:07.827515 1a7a0     Options.sst_file_manager.rate_bytes_per_sec: 0
2021/11/20-10:51:07.827559 1a7a0                       Options.wal_recovery_mode: 2
2021/11/20-10:51:07.827921 1a7a0                  Options.enable_thread_tracking: 0
2021/11/20-10:51:07.827930 1a7a0                  Options.enable_pipelined_write: 0
2021/11/20-10:51:07.827939 1a7a0         Options.allow_concurrent_memtable_write: 1
2021/11/20-10:51:07.827947 1a7a0      Options.enable_write_thread_adaptive_yield: 1
2021/11/20-10:51:07.827956 1a7a0             Options.write_thread_max_yield_usec: 100
2021/11/20-10:51:07.827964 1a7a0            Options.write_thread_slow_yield_usec: 3
2021/11/20-10:51:07.827973 1a7a0                               Options.row_cache: None
2021/11/20-10:51:07.827982 1a7a0                              Options.wal_filter: None
2021/11/20-10:51:07.827991 1a7a0             Options.avoid_flush_during_recovery: 0
2021/11/20-10:51:07.828000 1a7a0             Options.allow_ingest_behind: 0
2021/11/20-10:51:07.828008 1a7a0             Options.preserve_deletes: 0
2021/11/20-10:51:07.828017 1a7a0             Options.two_write_queues: 0
2021/11/20-10:51:07.828026 1a7a0             Options.manual_wal_flush: 0
2021/11/20-10:51:07.828034 1a7a0             Options.max_background_jobs: 2
2021/11/20-10:51:07.828043 1a7a0             Options.max_background_compactions: 4
2021/11/20-10:51:07.828052 1a7a0             Options.avoid_flush_during_shutdown: 0
2021/11/20-10:51:07.828061 1a7a0           Options.writable_file_max_buffer_size: 1048576
2021/11/20-10:51:07.828070 1a7a0             Options.delayed_write_rate : 16777216
2021/11/20-10:51:07.828082 1a7a0             Options.max_total_wal_size: 0
2021/11/20-10:51:07.828090 1a7a0             Options.delete_obsolete_files_period_micros: 21600000000
2021/11/20-10:51:07.828099 1a7a0                   Options.stats_dump_period_sec: 600
2021/11/20-10:51:07.828108 1a7a0                          Options.max_open_files: -1
2021/11/20-10:51:07.828116 1a7a0                          Options.bytes_per_sync: 0
2021/11/20-10:51:07.828125 1a7a0                      Options.wal_bytes_per_sync: 0
2021/11/20-10:51:07.828134 1a7a0       Options.compaction_readahead_size: 0
2021/11/20-10:51:07.828142 1a7a0 Compression algorithms supported:
2021/11/20-10:51:07.828151 1a7a0 	kZSTD supported: 1
2021/11/20-10:51:07.828160 1a7a0 	kSnappyCompression supported: 1
2021/11/20-10:51:07.828169 1a7a0 	kBZip2Compression supported: 0
2021/11/20-10:51:07.828177 1a7a0 	kZlibCompression supported: 1
2021/11/20-10:51:07.828186 1a7a0 	kLZ4Compression supported: 1
2021/11/20-10:51:07.828194 1a7a0 	kXpressCompression supported: 0
2021/11/20-10:51:07.828203 1a7a0 	kLZ4HCCompression supported: 1
2021/11/20-10:51:07.828211 1a7a0 	kZSTDNotFinalCompression supported: 1
2021/11/20-10:51:07.828630 1a7a0 Fast CRC32 supported: Supported on x86
2021/11/20-10:51:07.831947 1a7a0 [db\version_set.cc:3508] Recovering from manifest file: MANIFEST-000035
2021/11/20-10:51:07.832616 1a7a0 [db\column_family.cc:474] --------------- Options for column family [default]:
2021/11/20-10:51:07.832997 1a7a0               Options.comparator: leveldb.BytewiseComparator
2021/11/20-10:51:07.833007 1a7a0           Options.merge_operator: StringAppendOperator
2021/11/20-10:51:07.833015 1a7a0        Options.compaction_filter: None
2021/11/20-10:51:07.833024 1a7a0        Options.compaction_filter_factory: None
2021/11/20-10:51:07.833033 1a7a0         Options.memtable_factory: SkipListFactory
2021/11/20-10:51:07.833042 1a7a0            Options.table_factory: BlockBasedTable
2021/11/20-10:51:07.833082 1a7a0            table_factory options:   flush_block_policy_factory: FlushBlockBySizePolicyFactory (0000029BE8D9B0E0)
  cache_index_and_filter_blocks: 0
  cache_index_and_filter_blocks_with_high_priority: 1
  pin_l0_filter_and_index_blocks_in_cache: 1
  pin_top_level_index_and_filter: 1
  index_type: 2
  hash_index_allow_collision: 1
  checksum: 1
  no_block_cache: 0
  block_cache: 0000029BE8CF4B10
  block_cache_name: LRUCache
  block_cache_options:
    capacity : 536870912
    num_shard_bits : 8
    strict_capacity_limit : 0
    memory_allocator : None
    high_pri_pool_ratio: 0.000
  block_cache_compressed: 0000000000000000
  persistent_cache: 0000000000000000
  block_size: 4096
  block_size_deviation: 10
  block_restart_interval: 16
  index_block_restart_interval: 1
  metadata_block_size: 8192
  partition_filters: 1
  use_delta_encoding: 1
  filter_policy: nullptr
  whole_key_filtering: 1
  verify_compression: 0
  read_amp_bytes_per_bit: 0
  format_version: 0
  enable_index_compression: 1
  block_align: 0
2021/11/20-10:51:07.833138 1a7a0        Options.write_buffer_size: 67108864
2021/11/20-10:51:07.833148 1a7a0  Options.max_write_buffer_number: 3
2021/11/20-10:51:07.833157 1a7a0          Options.compression: Snappy
2021/11/20-10:51:07.833166 1a7a0                  Options.bottommost_compression: Disabled
2021/11/20-10:51:07.833175 1a7a0       Options.prefix_extractor: rocksdb.FixedPrefix.8
2021/11/20-10:51:07.833184 1a7a0   Options.memtable_insert_with_hint_prefix_extractor: nullptr
2021/11/20-10:51:07.833192 1a7a0             Options.num_levels: 7
2021/11/20-10:51:07.833201 1a7a0        Options.min_write_buffer_number_to_merge: 1
2021/11/20-10:51:07.833209 1a7a0     Options.max_write_buffer_number_to_maintain: 0
2021/11/20-10:51:07.833218 1a7a0            Options.bottommost_compression_opts.window_bits: -14
2021/11/20-10:51:07.833227 1a7a0                  Options.bottommost_compression_opts.level: 32767
2021/11/20-10:51:07.833236 1a7a0               Options.bottommost_compression_opts.strategy: 0
2021/11/20-10:51:07.833244 1a7a0         Options.bottommost_compression_opts.max_dict_bytes: 0
2021/11/20-10:51:07.833253 1a7a0         Options.bottommost_compression_opts.zstd_max_train_bytes: 0
2021/11/20-10:51:07.833262 1a7a0                  Options.bottommost_compression_opts.enabled: false
2021/11/20-10:51:07.833271 1a7a0            Options.compression_opts.window_bits: -14
2021/11/20-10:51:07.833280 1a7a0                  Options.compression_opts.level: 32767
2021/11/20-10:51:07.833288 1a7a0               Options.compression_opts.strategy: 0
2021/11/20-10:51:07.833297 1a7a0         Options.compression_opts.max_dict_bytes: 0
2021/11/20-10:51:07.833306 1a7a0         Options.compression_opts.zstd_max_train_bytes: 0
2021/11/20-10:51:07.833314 1a7a0                  Options.compression_opts.enabled: false
2021/11/20-10:51:07.833323 1a7a0      Options.level0_file_num_compaction_trigger: 10
2021/11/20-10:51:07.833331 1a7a0          Options.level0_slowdown_writes_trigger: 20
2021/11/20-10:51:07.833340 1a7a0              Options.level0_stop_writes_trigger: 40
2021/11/20-10:51:07.833348 1a7a0                   Options.target_file_size_base: 67108864
2021/11/20-10:51:07.833357 1a7a0             Options.target_file_size_multiplier: 1
2021/11/20-10:51:07.833366 1a7a0                Options.max_bytes_for_level_base: 536870912
2021/11/20-10:51:07.833374 1a7a0 Options.level_compaction_dynamic_level_bytes: 0
2021/11/20-10:51:07.833383 1a7a0          Options.max_bytes_for_level_multiplier: 10.000000
2021/11/20-10:51:07.833392 1a7a0 Options.max_bytes_for_level_multiplier_addtl[0]: 1
2021/11/20-10:51:07.833401 1a7a0 Options.max_bytes_for_level_multiplier_addtl[1]: 1
2021/11/20-10:51:07.833805 1a7a0 Options.max_bytes_for_level_multiplier_addtl[2]: 1
2021/11/20-10:51:07.833872 1a7a0 Options.max_bytes_for_level_multiplier_addtl[3]: 1
2021/11/20-10:51:07.833881 1a7a0 Options.max_bytes_for_level_multiplier_addtl[4]: 1
2021/11/20-10:51:07.833890 1a7a0 Options.max_bytes_for_level_multiplier_addtl[5]: 1
2021/11/20-10:51:07.833898 1a7a0 Options.max_bytes_for_level_multiplier_addtl[6]: 1
2021/11/20-10:51:07.833907 1a7a0       Options.max_sequential_skip_in_iterations: 8
2021/11/20-10:51:07.833916 1a7a0                    Options.max_compaction_bytes: 1677721600
2021/11/20-10:51:07.833924 1a7a0                        Options.arena_block_size: 8388608
2021/11/20-10:51:07.833933 1a7a0   Options.soft_pending_compaction_bytes_limit: 68719476736
2021/11/20-10:51:07.834333 1a7a0   Options.hard_pending_compaction_bytes_limit: 274877906944
2021/11/20-10:51:07.834402 1a7a0       Options.rate_limit_delay_max_milliseconds: 100
2021/11/20-10:51:07.834412 1a7a0                Options.disable_auto_compactions: 0
2021/11/20-10:51:07.834421 1a7a0                        Options.compaction_style: kCompactionStyleLevel
2021/11/20-10:51:07.834430 1a7a0                          Options.compaction_pri: kByCompensatedSize
2021/11/20-10:51:07.834439 1a7a0 Options.compaction_options_universal.size_ratio: 1
2021/11/20-10:51:07.834447 1a7a0 Options.compaction_options_universal.min_merge_width: 2
2021/11/20-10:51:07.834456 1a7a0 Options.compaction_options_universal.max_merge_width: 4294967295
2021/11/20-10:51:07.834465 1a7a0 Options.compaction_options_universal.max_size_amplification_percent: 200
2021/11/20-10:51:07.834473 1a7a0 Options.compaction_options_universal.compression_size_percent: -1
2021/11/20-10:51:07.834860 1a7a0 Options.compaction_options_universal.stop_style: kCompactionStopStyleTotalSize
2021/11/20-10:51:07.834869 1a7a0 Options.compaction_options_fifo.max_table_files_size: 1073741824
2021/11/20-10:51:07.834878 1a7a0 Options.compaction_options_fifo.allow_compaction: 0
2021/11/20-10:51:07.834887 1a7a0 Options.compaction_options_fifo.ttl: 0
2021/11/20-10:51:07.834895 1a7a0                   Options.table_properties_collectors: 
2021/11/20-10:51:07.834904 1a7a0                   Options.inplace_update_support: 0
2021/11/20-10:51:07.834912 1a7a0                 Options.inplace_update_num_locks: 10000
2021/11/20-10:51:07.834921 1a7a0               Options.memtable_prefix_bloom_size_ratio: 0.125000
2021/11/20-10:51:07.834930 1a7a0   Options.memtable_huge_page_size: 0
2021/11/20-10:51:07.834939 1a7a0                           Options.bloom_locality: 0
2021/11/20-10:51:07.834947 1a7a0                    Options.max_successive_merges: 0
2021/11/20-10:51:07.834956 1a7a0                Options.optimize_filters_for_hits: 0
2021/11/20-10:51:07.834965 1a7a0                Options.paranoid_file_checks: 0
2021/11/20-10:51:07.834973 1a7a0                Options.force_consistency_checks: 1
2021/11/20-10:51:07.834981 1a7a0                Options.report_bg_io_stats: 0
2021/11/20-10:51:07.834990 1a7a0                               Options.ttl: 0
2021/11/20-10:51:07.838495 1a7a0 [db\column_family.cc:474] --------------- Options for column family [Configuration]:
2021/11/20-10:51:07.838793 1a7a0               Options.comparator: leveldb.BytewiseComparator
2021/11/20-10:51:07.838803 1a7a0           Options.merge_operator: StringAppendOperator
2021/11/20-10:51:07.838812 1a7a0        Options.compaction_filter: None
2021/11/20-10:51:07.838821 1a7a0        Options.compaction_filter_factory: None
2021/11/20-10:51:07.838830 1a7a0         Options.memtable_factory: SkipListFactory
2021/11/20-10:51:07.838839 1a7a0            Options.table_factory: BlockBasedTable
2021/11/20-10:51:07.838880 1a7a0            table_factory options:   flush_block_policy_factory: FlushBlockBySizePolicyFactory (0000029BE8D9B0E0)
  cache_index_and_filter_blocks: 0
  cache_index_and_filter_blocks_with_high_priority: 1
  pin_l0_filter_and_index_blocks_in_cache: 1
  pin_top_level_index_and_filter: 1
  index_type: 2
  hash_index_allow_collision: 1
  checksum: 1
  no_block_cache: 0
  block_cache: 0000029BE8CF4B10
  block_cache_name: LRUCache
  block_cache_options:
    capacity : 536870912
    num_shard_bits : 8
    strict_capacity_limit : 0
    memory_allocator : None
    high_pri_pool_ratio: 0.000
  block_cache_compressed: 0000000000000000
  persistent_cache: 0000000000000000
  block_size: 4096
  block_size_deviation: 10
  block_restart_interval: 16
  index_block_restart_interval: 1
  metadata_block_size: 8192
  partition_filters: 1
  use_delta_encoding: 1
  filter_policy: nullptr
  whole_key_filtering: 1
  verify_compression: 0
  read_amp_bytes_per_bit: 0
  format_version: 0
  enable_index_compression: 1
  block_align: 0
2021/11/20-10:51:07.838891 1a7a0        Options.write_buffer_size: 67108864
2021/11/20-10:51:07.838900 1a7a0  Options.max_write_buffer_number: 3
2021/11/20-10:51:07.838908 1a7a0          Options.compression: Snappy
2021/11/20-10:51:07.839422 1a7a0                  Options.bottommost_compression: Disabled
2021/11/20-10:51:07.839436 1a7a0       Options.prefix_extractor: rocksdb.FixedPrefix.8
2021/11/20-10:51:07.839445 1a7a0   Options.memtable_insert_with_hint_prefix_extractor: nullptr
2021/11/20-10:51:07.839454 1a7a0             Options.num_levels: 7
2021/11/20-10:51:07.839462 1a7a0        Options.min_write_buffer_number_to_merge: 1
2021/11/20-10:51:07.839471 1a7a0     Options.max_write_buffer_number_to_maintain: 0
2021/11/20-10:51:07.839479 1a7a0            Options.bottommost_compression_opts.window_bits: -14
2021/11/20-10:51:07.839488 1a7a0                  Options.bottommost_compression_opts.level: 32767
2021/11/20-10:51:07.839497 1a7a0               Options.bottommost_compression_opts.strategy: 0
2021/11/20-10:51:07.839505 1a7a0         Options.bottommost_compression_opts.max_dict_bytes: 0
2021/11/20-10:51:07.839514 1a7a0         Options.bottommost_compression_opts.zstd_max_train_bytes: 0
2021/11/20-10:51:07.839522 1a7a0                  Options.bottommost_compression_opts.enabled: false
2021/11/20-10:51:07.839531 1a7a0            Options.compression_opts.window_bits: -14
2021/11/20-10:51:07.839540 1a7a0                  Options.compression_opts.level: 32767
2021/11/20-10:51:07.839548 1a7a0               Options.compression_opts.strategy: 0
2021/11/20-10:51:07.839557 1a7a0         Options.compression_opts.max_dict_bytes: 0
2021/11/20-10:51:07.839565 1a7a0         Options.compression_opts.zstd_max_train_bytes: 0
2021/11/20-10:51:07.839574 1a7a0                  Options.compression_opts.enabled: false
2021/11/20-10:51:07.839582 1a7a0      Options.level0_file_num_compaction_trigger: 10
2021/11/20-10:51:07.840015 1a7a0          Options.level0_slowdown_writes_trigger: 20
2021/11/20-10:51:07.840023 1a7a0              Options.level0_stop_writes_trigger: 40
2021/11/20-10:51:07.840032 1a7a0                   Options.target_file_size_base: 67108864
2021/11/20-10:51:07.840040 1a7a0             Options.target_file_size_multiplier: 1
2021/11/20-10:51:07.840049 1a7a0                Options.max_bytes_for_level_base: 536870912
2021/11/20-10:51:07.840059 1a7a0 Options.level_compaction_dynamic_level_bytes: 0
2021/11/20-10:51:07.840067 1a7a0          Options.max_bytes_for_level_multiplier: 10.000000
2021/11/20-10:51:07.840078 1a7a0 Options.max_bytes_for_level_multiplier_addtl[0]: 1
2021/11/20-10:51:07.840087 1a7a0 Options.max_bytes_for_level_multiplier_addtl[1]: 1
2021/11/20-10:51:07.840096 1a7a0 Options.max_bytes_for_level_multiplier_addtl[2]: 1
2021/11/20-10:51:07.840105 1a7a0 Options.max_bytes_for_level_multiplier_addtl[3]: 1
2021/11/20-10:51:07.840114 1a7a0 Options.max_bytes_for_level_multiplier_addtl[4]: 1
2021/11/20-10:51:07.840122 1a7a0 Options.max_bytes_for_level_multiplier_addtl[5]: 1
2021/11/20-10:51:07.840131 1a7a0 Options.max_bytes_for_level_multiplier_addtl[6]: 1
2021/11/20-10:51:07.840139 1a7a0       Options.max_sequential_skip_in_iterations: 8
2021/11/20-10:51:07.840148 1a7a0                    Options.max_compaction_bytes: 1677721600
2021/11/20-10:51:07.840156 1a7a0                        Options.arena_block_size: 8388608
2021/11/20-10:51:07.840165 1a7a0   Options.soft_pending_compaction_bytes_limit: 68719476736
2021/11/20-10:51:07.840174 1a7a0   Options.hard_pending_compaction_bytes_limit: 274877906944
2021/11/20-10:51:07.840182 1a7a0       Options.rate_limit_delay_max_milliseconds: 100
2021/11/20-10:51:07.840191 1a7a0                Options.disable_auto_compactions: 0
2021/11/20-10:51:07.840201 1a7a0                        Options.compaction_style: kCompactionStyleLevel
2021/11/20-10:51:07.840211 1a7a0                          Options.compaction_pri: kByCompensatedSize
2021/11/20-10:51:07.840219 1a7a0 Options.compaction_options_universal.size_ratio: 1
2021/11/20-10:51:07.840228 1a7a0 Options.compaction_options_universal.min_merge_width: 2
2021/11/20-10:51:07.840236 1a7a0 Options.compaction_options_universal.max_merge_width: 4294967295
2021/11/20-10:51:07.840245 1a7a0 Options.compaction_options_universal.max_size_amplification_percent: 200
2021/11/20-10:51:07.840282 1a7a0 Options.compaction_options_universal.compression_size_percent: -1
2021/11/20-10:51:07.840292 1a7a0 Options.compaction_options_universal.stop_style: kCompactionStopStyleTotalSize
2021/11/20-10:51:07.840301 1a7a0 Options.compaction_options_fifo.max_table_files_size: 1073741824
2021/11/20-10:51:07.840310 1a7a0 Options.compaction_options_fifo.allow_compaction: 0
2021/11/20-10:51:07.840318 1a7a0 Options.compaction_options_fifo.ttl: 0
2021/11/20-10:51:07.840327 1a7a0                   Options.table_properties_collectors: 
2021/11/20-10:51:07.840336 1a7a0                   Options.inplace_update_support: 0
2021/11/20-10:51:07.840344 1a7a0                 Options.inplace_update_num_locks: 10000
2021/11/20-10:51:07.840353 1a7a0               Options.memtable_prefix_bloom_size_ratio: 0.125000
2021/11/20-10:51:07.840362 1a7a0   Options.memtable_huge_page_size: 0
2021/11/20-10:51:07.840371 1a7a0                           Options.bloom_locality: 0
2021/11/20-10:51:07.840380 1a7a0                    Options.max_successive_merges: 0
2021/11/20-10:51:07.840389 1a7a0                Options.optimize_filters_for_hits: 0
2021/11/20-10:51:07.840397 1a7a0                Options.paranoid_file_checks: 0
2021/11/20-10:51:07.840406 1a7a0                Options.force_consistency_checks: 1
2021/11/20-10:51:07.840414 1a7a0                Options.report_bg_io_stats: 0
2021/11/20-10:51:07.840554 1a7a0                               Options.ttl: 0
2021/11/20-10:51:07.855746 1a7a0 [db\version_set.cc:3724] Recovered from manifest file:D:\Developer\bishe\nacos\data\protocol\raft\naming_instance_metadata\log/MANIFEST-000035 succeeded,manifest_file_number is 35, next_file_number is 38, last_sequence is 865, log_number is 0,prev_log_number is 0,max_column_family is 1,min_log_number_to_keep is 0
2021/11/20-10:51:07.855778 1a7a0 [db\version_set.cc:3732] Column family [default] (ID 0), log number is 34
2021/11/20-10:51:07.855788 1a7a0 [db\version_set.cc:3732] Column family [Configuration] (ID 1), log number is 34
2021/11/20-10:51:07.856906 1a7a0 EVENT_LOG_v1 {"time_micros": 1637376667856896, "job": 1, "event": "recovery_started", "log_files": [37]}
2021/11/20-10:51:07.856931 1a7a0 [db\db_impl_open.cc:578] Recovering log #37 mode 2
2021/11/20-10:51:07.864678 1a7a0 EVENT_LOG_v1 {"time_micros": 1637376667864643, "cf_name": "default", "job": 1, "event": "table_file_creation", "file_number": 38, "file_size": 747, "table_properties": {"data_size": 0, "index_size": 13, "filter_size": 0, "raw_key_size": 32, "raw_average_key_size": 0, "raw_value_size": 16, "raw_average_value_size": 0, "num_data_blocks": 0, "num_entries": 0, "filter_policy_name": ""}}
2021/11/20-10:51:07.868288 1a7a0 [db\version_set.cc:3037] Creating manifest 39
2021/11/20-10:51:07.888699 1a7a0 EVENT_LOG_v1 {"time_micros": 1637376667888678, "cf_name": "Configuration", "job": 1, "event": "table_file_creation", "file_number": 40, "file_size": 877, "table_properties": {"data_size": 44, "index_size": 49, "filter_size": 0, "raw_key_size": 58, "raw_average_key_size": 58, "raw_value_size": 24, "raw_average_value_size": 24, "num_data_blocks": 1, "num_entries": 1, "filter_policy_name": ""}}
2021/11/20-10:51:07.895900 1a7a0 EVENT_LOG_v1 {"time_micros": 1637376667895891, "job": 1, "event": "recovery_finished"}
2021/11/20-10:51:07.917323 1a7a0 [db\db_impl_open.cc:1314] DB pointer 0000029BEAF3F6B0
2021/11/20-10:51:07.918111 f64 [WARN] [db\db_impl.cc:669] ------- DUMPING STATS -------
2021/11/20-10:51:07.918161 f64 [WARN] [db\db_impl.cc:670] 
** DB Stats **
Uptime(secs): 0.1 total, 0.1 interval
Cumulative writes: 0 writes, 0 keys, 0 commit groups, 0.0 writes per commit group, ingest: 0.00 GB, 0.00 MB/s
Cumulative WAL: 0 writes, 0 syncs, 0.00 writes per sync, written: 0.00 GB, 0.00 MB/s
Cumulative stall: 00:00:0.000 H:M:S, 0.0 percent
Interval writes: 0 writes, 0 keys, 0 commit groups, 0.0 writes per commit group, ingest: 0.00 MB, 0.00 MB/s
Interval WAL: 0 writes, 0 syncs, 0.00 writes per sync, written: 0.00 MB, 0.00 MB/s
Interval stall: 00:00:0.000 H:M:S, 0.0 percent

** Compaction Stats [default] **
Level    Files   Size     Score Read(GB)  Rn(GB) Rnp1(GB) Write(GB) Wnew(GB) Moved(GB) W-Amp Rd(MB/s) Wr(MB/s) Comp(sec) Comp(cnt) Avg(sec) KeyIn KeyDrop
----------------------------------------------------------------------------------------------------------------------------------------------------------
  L0      9/0    6.54 KB   0.9      0.0     0.0      0.0       0.0      0.0       0.0   1.0      0.0      0.1         0         1    0.006       0      0
 Sum      9/0    6.54 KB   0.0      0.0     0.0      0.0       0.0      0.0       0.0   1.0      0.0      0.1         0         1    0.006       0      0
 Int      0/0    0.00 KB   0.0      0.0     0.0      0.0       0.0      0.0       0.0   1.0      0.0      0.1         0         1    0.006       0      0
Uptime(secs): 0.1 total, 0.1 interval
Flush(GB): cumulative 0.000, interval 0.000
AddFile(GB): cumulative 0.000, interval 0.000
AddFile(Total Files): cumulative 0, interval 0
AddFile(L0 Files): cumulative 0, interval 0
AddFile(Keys): cumulative 0, interval 0
Cumulative compaction: 0.00 GB write, 0.01 MB/s write, 0.00 GB read, 0.00 MB/s read, 0.0 seconds
Interval compaction: 0.00 GB write, 0.01 MB/s write, 0.00 GB read, 0.00 MB/s read, 0.0 seconds
Stalls(count): 0 level0_slowdown, 0 level0_slowdown_with_compaction, 0 level0_numfiles, 0 level0_numfiles_with_compaction, 0 stop for pending_compaction_bytes, 0 slowdown for pending_compaction_bytes, 0 memtable_compaction, 0 memtable_slowdown, interval 0 total count

** File Read Latency Histogram By Level [default] **
** Level 0 read latency histogram (micros):
Count: 45 Average: 317.4889  StdDev: 795.99
Min: 2  Median: 2.9545  Max: 3193
Percentiles: P50: 2.95 P75: 5.94 P99: 3193.00 P99.9: 3193.00 P99.99: 3193.00
------------------------------------------------------
(       1,       2 ]       12  26.667%  26.667% #####
(       2,       3 ]       11  24.444%  51.111% #####
(       3,       4 ]        2   4.444%  55.556% #
(       4,       6 ]        9  20.000%  75.556% ####
(       6,      10 ]        2   4.444%  80.000% #
(      34,      51 ]        1   2.222%  82.222% 
(     110,     170 ]        1   2.222%  84.444% 
(     580,     870 ]        1   2.222%  86.667% 
(     870,    1300 ]        1   2.222%  88.889% 
(    1300,    1900 ]        1   2.222%  91.111% 
(    1900,    2900 ]        2   4.444%  95.556% #
(    2900,    4400 ]        2   4.444% 100.000% #


** Compaction Stats [Configuration] **
Level    Files   Size     Score Read(GB)  Rn(GB) Rnp1(GB) Write(GB) Wnew(GB) Moved(GB) W-Amp Rd(MB/s) Wr(MB/s) Comp(sec) Comp(cnt) Avg(sec) KeyIn KeyDrop
----------------------------------------------------------------------------------------------------------------------------------------------------------
  L0      9/0    7.68 KB   0.9      0.0     0.0      0.0       0.0      0.0       0.0   1.0      0.0      0.1         0         1    0.006       0      0
 Sum      9/0    7.68 KB   0.0      0.0     0.0      0.0       0.0      0.0       0.0   1.0      0.0      0.1         0         1    0.006       0      0
 Int      0/0    0.00 KB   0.0      0.0     0.0      0.0       0.0      0.0       0.0   1.0      0.0      0.1         0         1    0.006       0      0
Uptime(secs): 0.1 total, 0.1 interval
Flush(GB): cumulative 0.000, interval 0.000
AddFile(GB): cumulative 0.000, interval 0.000
AddFile(Total Files): cumulative 0, interval 0
AddFile(L0 Files): cumulative 0, interval 0
AddFile(Keys): cumulative 0, interval 0
Cumulative compaction: 0.00 GB write, 0.01 MB/s write, 0.00 GB read, 0.00 MB/s read, 0.0 seconds
Interval compaction: 0.00 GB write, 0.01 MB/s write, 0.00 GB read, 0.00 MB/s read, 0.0 seconds
Stalls(count): 0 level0_slowdown, 0 level0_slowdown_with_compaction, 0 level0_numfiles, 0 level0_numfiles_with_compaction, 0 stop for pending_compaction_bytes, 0 slowdown for pending_compaction_bytes, 0 memtable_compaction, 0 memtable_slowdown, interval 0 total count

** File Read Latency Histogram By Level [Configuration] **
** Level 0 read latency histogram (micros):
Count: 57 Average: 236.7368  StdDev: 670.96
Min: 1  Median: 2.9167  Max: 3218
Percentiles: P50: 2.92 P75: 116.43 P99: 3218.00 P99.9: 3218.00 P99.99: 3218.00
------------------------------------------------------
[       0,       1 ]        1   1.754%   1.754% 
(       1,       2 ]       11  19.298%  21.053% ####
(       2,       3 ]       18  31.579%  52.632% ######
(       3,       4 ]        3   5.263%  57.895% #
(       4,       6 ]        4   7.018%  64.912% #
(       6,      10 ]        3   5.263%  70.175% #
(      76,     110 ]        2   3.509%  73.684% #
(     110,     170 ]        7  12.281%  85.965% ##
(     380,     580 ]        2   3.509%  89.474% #
(     870,    1300 ]        1   1.754%  91.228% 
(    1300,    1900 ]        1   1.754%  92.982% 
(    1900,    2900 ]        3   5.263%  98.246% #
(    2900,    4400 ]        2   3.509% 101.754% #


** Compaction Stats [default] **
Level    Files   Size     Score Read(GB)  Rn(GB) Rnp1(GB) Write(GB) Wnew(GB) Moved(GB) W-Amp Rd(MB/s) Wr(MB/s) Comp(sec) Comp(cnt) Avg(sec) KeyIn KeyDrop
----------------------------------------------------------------------------------------------------------------------------------------------------------
  L0      9/0    6.54 KB   0.9      0.0     0.0      0.0       0.0      0.0       0.0   1.0      0.0      0.1         0         1    0.006       0      0
 Sum      9/0    6.54 KB   0.0      0.0     0.0      0.0       0.0      0.0       0.0   1.0      0.0      0.1         0         1    0.006       0      0
 Int      0/0    0.00 KB   0.0      0.0     0.0      0.0       0.0      0.0       0.0   0.0      0.0      0.0         0         0    0.000       0      0
Uptime(secs): 0.1 total, 0.0 interval
Flush(GB): cumulative 0.000, interval 0.000
AddFile(GB): cumulative 0.000, interval 0.000
AddFile(Total Files): cumulative 0, interval 0
AddFile(L0 Files): cumulative 0, interval 0
AddFile(Keys): cumulative 0, interval 0
Cumulative compaction: 0.00 GB write, 0.01 MB/s write, 0.00 GB read, 0.00 MB/s read, 0.0 seconds
Interval compaction: 0.00 GB write, 0.00 MB/s write, 0.00 GB read, 0.00 MB/s read, 0.0 seconds
Stalls(count): 0 level0_slowdown, 0 level0_slowdown_with_compaction, 0 level0_numfiles, 0 level0_numfiles_with_compaction, 0 stop for pending_compaction_bytes, 0 slowdown for pending_compaction_bytes, 0 memtable_compaction, 0 memtable_slowdown, interval 0 total count

** File Read Latency Histogram By Level [default] **
** Level 0 read latency histogram (micros):
Count: 45 Average: 317.4889  StdDev: 795.99
Min: 2  Median: 2.9545  Max: 3193
Percentiles: P50: 2.95 P75: 5.94 P99: 3193.00 P99.9: 3193.00 P99.99: 3193.00
------------------------------------------------------
(       1,       2 ]       12  26.667%  26.667% #####
(       2,       3 ]       11  24.444%  51.111% #####
(       3,       4 ]        2   4.444%  55.556% #
(       4,       6 ]        9  20.000%  75.556% ####
(       6,      10 ]        2   4.444%  80.000% #
(      34,      51 ]        1   2.222%  82.222% 
(     110,     170 ]        1   2.222%  84.444% 
(     580,     870 ]        1   2.222%  86.667% 
(     870,    1300 ]        1   2.222%  88.889% 
(    1300,    1900 ]        1   2.222%  91.111% 
(    1900,    2900 ]        2   4.444%  95.556% #
(    2900,    4400 ]        2   4.444% 100.000% #


** Compaction Stats [Configuration] **
Level    Files   Size     Score Read(GB)  Rn(GB) Rnp1(GB) Write(GB) Wnew(GB) Moved(GB) W-Amp Rd(MB/s) Wr(MB/s) Comp(sec) Comp(cnt) Avg(sec) KeyIn KeyDrop
----------------------------------------------------------------------------------------------------------------------------------------------------------
  L0      9/0    7.68 KB   0.9      0.0     0.0      0.0       0.0      0.0       0.0   1.0      0.0      0.1         0         1    0.006       0      0
 Sum      9/0    7.68 KB   0.0      0.0     0.0      0.0       0.0      0.0       0.0   1.0      0.0      0.1         0         1    0.006       0      0
 Int      0/0    0.00 KB   0.0      0.0     0.0      0.0       0.0      0.0       0.0   0.0      0.0      0.0         0         0    0.000       0      0
Uptime(secs): 0.1 total, 0.0 interval
Flush(GB): cumulative 0.000, interval 0.000
AddFile(GB): cumulative 0.000, interval 0.000
AddFile(Total Files): cumulative 0, interval 0
AddFile(L0 Files): cumulative 0, interval 0
AddFile(Keys): cumulative 0, interval 0
Cumulative compaction: 0.00 GB write, 0.01 MB/s write, 0.00 GB read, 0.00 MB/s read, 0.0 seconds
Interval compaction: 0.00 GB write, 0.00 MB/s write, 0.00 GB read, 0.00 MB/s read, 0.0 seconds
Stalls(count): 0 level0_slowdown, 0 level0_slowdown_with_compaction, 0 level0_numfiles, 0 level0_numfiles_with_compaction, 0 stop for pending_compaction_bytes, 0 slowdown for pending_compaction_bytes, 0 memtable_compaction, 0 memtable_slowdown, interval 0 total count

** File Read Latency Histogram By Level [Configuration] **
** Level 0 read latency histogram (micros):
Count: 58 Average: 240.2241  StdDev: 665.67
Min: 1  Median: 2.9444  Max: 3218
Percentiles: P50: 2.94 P75: 122.86 P99: 3215.00 P99.9: 3218.00 P99.99: 3218.00
------------------------------------------------------
[       0,       1 ]        1   1.724%   1.724% 
(       1,       2 ]       11  18.966%  20.690% ####
(       2,       3 ]       18  31.034%  51.724% ######
(       3,       4 ]        3   5.172%  56.897% #
(       4,       6 ]        4   6.897%  63.793% #
(       6,      10 ]        3   5.172%  68.966% #
(      51,      76 ]        1   1.724%  70.690% 
(      76,     110 ]        2   3.448%  74.138% #
(     110,     170 ]        7  12.069%  86.207% ##
(     380,     580 ]        3   5.172%  91.379% #
(     870,    1300 ]        1   1.724%  93.103% 
(    1300,    1900 ]        1   1.724%  94.828% 
(    1900,    2900 ]        3   5.172% 100.000% #
(    2900,    4400 ]        2   3.448% 103.448% #

2021/11/20-10:51:07.919559 f64 [WARN] [db\db_impl.cc:617] STATISTICS:
 rocksdb.block.cache.miss COUNT : 36
rocksdb.block.cache.hit COUNT : 9
rocksdb.block.cache.add COUNT : 36
rocksdb.block.cache.add.failures COUNT : 0
rocksdb.block.cache.index.miss COUNT : 9
rocksdb.block.cache.index.hit COUNT : 9
rocksdb.block.cache.index.add COUNT : 9
rocksdb.block.cache.index.bytes.insert COUNT : 918
rocksdb.block.cache.index.bytes.evict COUNT : 0
rocksdb.block.cache.filter.miss COUNT : 0
rocksdb.block.cache.filter.hit COUNT : 0
rocksdb.block.cache.filter.add COUNT : 0
rocksdb.block.cache.filter.bytes.insert COUNT : 0
rocksdb.block.cache.filter.bytes.evict COUNT : 0
rocksdb.block.cache.data.miss COUNT : 27
rocksdb.block.cache.data.hit COUNT : 0
rocksdb.block.cache.data.add COUNT : 27
rocksdb.block.cache.data.bytes.insert COUNT : 3691
rocksdb.block.cache.bytes.read COUNT : 918
rocksdb.block.cache.bytes.write COUNT : 4609
rocksdb.bloom.filter.useful COUNT : 0
rocksdb.bloom.filter.full.positive COUNT : 0
rocksdb.bloom.filter.full.true.positive COUNT : 0
rocksdb.persistent.cache.hit COUNT : 0
rocksdb.persistent.cache.miss COUNT : 0
rocksdb.sim.block.cache.hit COUNT : 0
rocksdb.sim.block.cache.miss COUNT : 0
rocksdb.memtable.hit COUNT : 0
rocksdb.memtable.miss COUNT : 0
rocksdb.l0.hit COUNT : 0
rocksdb.l1.hit COUNT : 0
rocksdb.l2andup.hit COUNT : 0
rocksdb.compaction.key.drop.new COUNT : 0
rocksdb.compaction.key.drop.obsolete COUNT : 0
rocksdb.compaction.key.drop.range_del COUNT : 0
rocksdb.compaction.key.drop.user COUNT : 0
rocksdb.compaction.range_del.drop.obsolete COUNT : 0
rocksdb.compaction.optimized.del.drop.obsolete COUNT : 0
rocksdb.compaction.cancelled COUNT : 0
rocksdb.number.keys.written COUNT : 1
rocksdb.number.keys.read COUNT : 0
rocksdb.number.keys.updated COUNT : 0
rocksdb.bytes.written COUNT : 31
rocksdb.bytes.read COUNT : 0
rocksdb.number.db.seek COUNT : 2
rocksdb.number.db.next COUNT : 1
rocksdb.number.db.prev COUNT : 0
rocksdb.number.db.seek.found COUNT : 1
rocksdb.number.db.next.found COUNT : 0
rocksdb.number.db.prev.found COUNT : 0
rocksdb.db.iter.bytes.read COUNT : 26
rocksdb.no.file.closes COUNT : 0
rocksdb.no.file.opens COUNT : 18
rocksdb.no.file.errors COUNT : 0
rocksdb.l0.slowdown.micros COUNT : 0
rocksdb.memtable.compaction.micros COUNT : 0
rocksdb.l0.num.files.stall.micros COUNT : 0
rocksdb.stall.micros COUNT : 0
rocksdb.db.mutex.wait.micros COUNT : 0
rocksdb.rate.limit.delay.millis COUNT : 0
rocksdb.num.iterators COUNT : 0
rocksdb.number.multiget.get COUNT : 0
rocksdb.number.multiget.keys.read COUNT : 0
rocksdb.number.multiget.bytes.read COUNT : 0
rocksdb.number.deletes.filtered COUNT : 0
rocksdb.number.merge.failures COUNT : 0
rocksdb.bloom.filter.prefix.checked COUNT : 0
rocksdb.bloom.filter.prefix.useful COUNT : 0
rocksdb.number.reseeks.iteration COUNT : 0
rocksdb.getupdatessince.calls COUNT : 0
rocksdb.block.cachecompressed.miss COUNT : 0
rocksdb.block.cachecompressed.hit COUNT : 0
rocksdb.block.cachecompressed.add COUNT : 0
rocksdb.block.cachecompressed.add.failures COUNT : 0
rocksdb.wal.synced COUNT : 0
rocksdb.wal.bytes COUNT : 0
rocksdb.write.self COUNT : 1
rocksdb.write.other COUNT : 0
rocksdb.write.timeout COUNT : 0
rocksdb.write.wal COUNT : 1
rocksdb.compact.read.bytes COUNT : 0
rocksdb.compact.write.bytes COUNT : 1624
rocksdb.flush.write.bytes COUNT : 0
rocksdb.number.direct.load.table.properties COUNT : 0
rocksdb.number.superversion_acquires COUNT : 2
rocksdb.number.superversion_releases COUNT : 0
rocksdb.number.superversion_cleanups COUNT : 0
rocksdb.number.block.compressed COUNT : 1
rocksdb.number.block.decompressed COUNT : 9
rocksdb.number.block.not_compressed COUNT : 0
rocksdb.merge.operation.time.nanos COUNT : 0
rocksdb.filter.operation.time.nanos COUNT : 0
rocksdb.row.cache.hit COUNT : 0
rocksdb.row.cache.miss COUNT : 0
rocksdb.read.amp.estimate.useful.bytes COUNT : 0
rocksdb.read.amp.total.read.bytes COUNT : 0
rocksdb.number.rate_limiter.drains COUNT : 0
rocksdb.number.iter.skip COUNT : 8
rocksdb.blobdb.num.put COUNT : 0
rocksdb.blobdb.num.write COUNT : 0
rocksdb.blobdb.num.get COUNT : 0
rocksdb.blobdb.num.multiget COUNT : 0
rocksdb.blobdb.num.seek COUNT : 0
rocksdb.blobdb.num.next COUNT : 0
rocksdb.blobdb.num.prev COUNT : 0
rocksdb.blobdb.num.keys.written COUNT : 0
rocksdb.blobdb.num.keys.read COUNT : 0
rocksdb.blobdb.bytes.written COUNT : 0
rocksdb.blobdb.bytes.read COUNT : 0
rocksdb.blobdb.write.inlined COUNT : 0
rocksdb.blobdb.write.inlined.ttl COUNT : 0
rocksdb.blobdb.write.blob COUNT : 0
rocksdb.blobdb.write.blob.ttl COUNT : 0
rocksdb.blobdb.blob.file.bytes.written COUNT : 0
rocksdb.blobdb.blob.file.bytes.read COUNT : 0
rocksdb.blobdb.blob.file.synced COUNT : 0
rocksdb.blobdb.blob.index.expired.count COUNT : 0
rocksdb.blobdb.blob.index.expired.size COUNT : 0
rocksdb.blobdb.blob.index.evicted.count COUNT : 0
rocksdb.blobdb.blob.index.evicted.size COUNT : 0
rocksdb.blobdb.gc.num.files COUNT : 0
rocksdb.blobdb.gc.num.new.files COUNT : 0
rocksdb.blobdb.gc.failures COUNT : 0
rocksdb.blobdb.gc.num.keys.overwritten COUNT : 0
rocksdb.blobdb.gc.num.keys.expired COUNT : 0
rocksdb.blobdb.gc.num.keys.relocated COUNT : 0
rocksdb.blobdb.gc.bytes.overwritten COUNT : 0
rocksdb.blobdb.gc.bytes.expired COUNT : 0
rocksdb.blobdb.gc.bytes.relocated COUNT : 0
rocksdb.blobdb.fifo.num.files.evicted COUNT : 0
rocksdb.blobdb.fifo.num.keys.evicted COUNT : 0
rocksdb.blobdb.fifo.bytes.evicted COUNT : 0
rocksdb.txn.overhead.mutex.prepare COUNT : 0
