2021/11/26-09:44:09.890910 3cd0 RocksDB version: 5.18.4
2021/11/26-09:44:09.891008 3cd0 Git sha rocksdb_build_git_sha:@b9a4a10659969c71e6f6eab4e4bae8c36ede919f@
2021/11/26-09:44:09.891033 3cd0 Compile date Mar 11 2020
2021/11/26-09:44:09.891054 3cd0 DB SUMMARY
2021/11/26-09:44:09.891319 3cd0 CURRENT file:  CURRENT
2021/11/26-09:44:09.891350 3cd0 IDENTITY file:  IDENTITY
2021/11/26-09:44:09.891390 3cd0 MANIFEST file:  MANIFEST-000068 size: 691 Bytes
2021/11/26-09:44:09.891415 3cd0 SST files in D:\Developer\bishe\nacos\data\protocol\raft\naming_instance_metadata\log dir, Total Num: 11, files: 000049.sst 000051.sst 000053.sst 000055.sst 000057.sst 000059.sst 000061.sst 000063.sst 000065.sst 
2021/11/26-09:44:09.891436 3cd0 Write Ahead Log file in D:\Developer\bishe\nacos\data\protocol\raft\naming_instance_metadata\log: 000070.log size: 3841 ; 
2021/11/26-09:44:09.891601 3cd0                         Options.error_if_exists: 0
2021/11/26-09:44:09.891615 3cd0                       Options.create_if_missing: 1
2021/11/26-09:44:09.891624 3cd0                         Options.paranoid_checks: 1
2021/11/26-09:44:09.891633 3cd0                                     Options.env: 00000231ECC59040
2021/11/26-09:44:09.891642 3cd0                                Options.info_log: 00000231ECD32260
2021/11/26-09:44:09.891650 3cd0                Options.max_file_opening_threads: 16
2021/11/26-09:44:09.891659 3cd0                              Options.statistics: 00000231F383EB00
2021/11/26-09:44:09.891667 3cd0                               Options.use_fsync: 0
2021/11/26-09:44:09.891676 3cd0                       Options.max_log_file_size: 0
2021/11/26-09:44:09.891685 3cd0                  Options.max_manifest_file_size: 1073741824
2021/11/26-09:44:09.891693 3cd0                   Options.log_file_time_to_roll: 0
2021/11/26-09:44:09.891702 3cd0                       Options.keep_log_file_num: 1000
2021/11/26-09:44:09.891710 3cd0                    Options.recycle_log_file_num: 0
2021/11/26-09:44:09.891718 3cd0                         Options.allow_fallocate: 1
2021/11/26-09:44:09.891727 3cd0                        Options.allow_mmap_reads: 0
2021/11/26-09:44:09.891735 3cd0                       Options.allow_mmap_writes: 0
2021/11/26-09:44:09.891744 3cd0                        Options.use_direct_reads: 0
2021/11/26-09:44:09.891752 3cd0                        Options.use_direct_io_for_flush_and_compaction: 0
2021/11/26-09:44:09.891761 3cd0          Options.create_missing_column_families: 1
2021/11/26-09:44:09.891769 3cd0                              Options.db_log_dir: 
2021/11/26-09:44:09.891777 3cd0                                 Options.wal_dir: D:\Developer\bishe\nacos\data\protocol\raft\naming_instance_metadata\log
2021/11/26-09:44:09.891786 3cd0                Options.table_cache_numshardbits: 6
2021/11/26-09:44:09.891794 3cd0                      Options.max_subcompactions: 1
2021/11/26-09:44:09.891803 3cd0                  Options.max_background_flushes: 1
2021/11/26-09:44:09.891811 3cd0                         Options.WAL_ttl_seconds: 0
2021/11/26-09:44:09.891820 3cd0                       Options.WAL_size_limit_MB: 0
2021/11/26-09:44:09.891828 3cd0             Options.manifest_preallocation_size: 4194304
2021/11/26-09:44:09.891836 3cd0                     Options.is_fd_close_on_exec: 1
2021/11/26-09:44:09.891845 3cd0                   Options.advise_random_on_open: 1
2021/11/26-09:44:09.891853 3cd0                    Options.db_write_buffer_size: 0
2021/11/26-09:44:09.891862 3cd0                    Options.write_buffer_manager: 00000231F2F1A560
2021/11/26-09:44:09.891870 3cd0         Options.access_hint_on_compaction_start: 1
2021/11/26-09:44:09.891878 3cd0  Options.new_table_reader_for_compaction_inputs: 0
2021/11/26-09:44:09.891887 3cd0           Options.random_access_max_buffer_size: 1048576
2021/11/26-09:44:09.891895 3cd0                      Options.use_adaptive_mutex: 0
2021/11/26-09:44:09.891903 3cd0                            Options.rate_limiter: 0000000000000000
2021/11/26-09:44:09.891912 3cd0     Options.sst_file_manager.rate_bytes_per_sec: 0
2021/11/26-09:44:09.891953 3cd0                       Options.wal_recovery_mode: 2
2021/11/26-09:44:09.891963 3cd0                  Options.enable_thread_tracking: 0
2021/11/26-09:44:09.891971 3cd0                  Options.enable_pipelined_write: 0
2021/11/26-09:44:09.891980 3cd0         Options.allow_concurrent_memtable_write: 1
2021/11/26-09:44:09.891988 3cd0      Options.enable_write_thread_adaptive_yield: 1
2021/11/26-09:44:09.891997 3cd0             Options.write_thread_max_yield_usec: 100
2021/11/26-09:44:09.892005 3cd0            Options.write_thread_slow_yield_usec: 3
2021/11/26-09:44:09.892014 3cd0                               Options.row_cache: None
2021/11/26-09:44:09.892022 3cd0                              Options.wal_filter: None
2021/11/26-09:44:09.892031 3cd0             Options.avoid_flush_during_recovery: 0
2021/11/26-09:44:09.892039 3cd0             Options.allow_ingest_behind: 0
2021/11/26-09:44:09.892048 3cd0             Options.preserve_deletes: 0
2021/11/26-09:44:09.892056 3cd0             Options.two_write_queues: 0
2021/11/26-09:44:09.892065 3cd0             Options.manual_wal_flush: 0
2021/11/26-09:44:09.892073 3cd0             Options.max_background_jobs: 2
2021/11/26-09:44:09.892081 3cd0             Options.max_background_compactions: 4
2021/11/26-09:44:09.892090 3cd0             Options.avoid_flush_during_shutdown: 0
2021/11/26-09:44:09.892098 3cd0           Options.writable_file_max_buffer_size: 1048576
2021/11/26-09:44:09.892107 3cd0             Options.delayed_write_rate : 16777216
2021/11/26-09:44:09.892115 3cd0             Options.max_total_wal_size: 0
2021/11/26-09:44:09.892124 3cd0             Options.delete_obsolete_files_period_micros: 21600000000
2021/11/26-09:44:09.892132 3cd0                   Options.stats_dump_period_sec: 600
2021/11/26-09:44:09.892141 3cd0                          Options.max_open_files: -1
2021/11/26-09:44:09.892150 3cd0                          Options.bytes_per_sync: 0
2021/11/26-09:44:09.892160 3cd0                      Options.wal_bytes_per_sync: 0
2021/11/26-09:44:09.892169 3cd0       Options.compaction_readahead_size: 0
2021/11/26-09:44:09.892177 3cd0 Compression algorithms supported:
2021/11/26-09:44:09.892186 3cd0 	kZSTD supported: 1
2021/11/26-09:44:09.892195 3cd0 	kSnappyCompression supported: 1
2021/11/26-09:44:09.892204 3cd0 	kBZip2Compression supported: 0
2021/11/26-09:44:09.892213 3cd0 	kZlibCompression supported: 1
2021/11/26-09:44:09.892221 3cd0 	kLZ4Compression supported: 1
2021/11/26-09:44:09.892230 3cd0 	kXpressCompression supported: 0
2021/11/26-09:44:09.892238 3cd0 	kLZ4HCCompression supported: 1
2021/11/26-09:44:09.892247 3cd0 	kZSTDNotFinalCompression supported: 1
2021/11/26-09:44:09.892258 3cd0 Fast CRC32 supported: Supported on x86
2021/11/26-09:44:09.893648 3cd0 [db\version_set.cc:3508] Recovering from manifest file: MANIFEST-000068
2021/11/26-09:44:09.893878 3cd0 [db\column_family.cc:474] --------------- Options for column family [default]:
2021/11/26-09:44:09.893892 3cd0               Options.comparator: leveldb.BytewiseComparator
2021/11/26-09:44:09.893901 3cd0           Options.merge_operator: StringAppendOperator
2021/11/26-09:44:09.893910 3cd0        Options.compaction_filter: None
2021/11/26-09:44:09.893918 3cd0        Options.compaction_filter_factory: None
2021/11/26-09:44:09.893927 3cd0         Options.memtable_factory: SkipListFactory
2021/11/26-09:44:09.893936 3cd0            Options.table_factory: BlockBasedTable
2021/11/26-09:44:09.893961 3cd0            table_factory options:   flush_block_policy_factory: FlushBlockBySizePolicyFactory (00000231F233F1D0)
  cache_index_and_filter_blocks: 0
  cache_index_and_filter_blocks_with_high_priority: 1
  pin_l0_filter_and_index_blocks_in_cache: 1
  pin_top_level_index_and_filter: 1
  index_type: 2
  hash_index_allow_collision: 1
  checksum: 1
  no_block_cache: 0
  block_cache: 00000231F83DAB50
  block_cache_name: LRUCache
  block_cache_options:
    capacity : 536870912
    num_shard_bits : 8
    strict_capacity_limit : 0
    memory_allocator : None
    high_pri_pool_ratio: 0.000
  block_cache_compressed: 0000000000000000
  persistent_cache: 0000000000000000
  block_size: 4096
  block_size_deviation: 10
  block_restart_interval: 16
  index_block_restart_interval: 1
  metadata_block_size: 8192
  partition_filters: 1
  use_delta_encoding: 1
  filter_policy: nullptr
  whole_key_filtering: 1
  verify_compression: 0
  read_amp_bytes_per_bit: 0
  format_version: 0
  enable_index_compression: 1
  block_align: 0
2021/11/26-09:44:09.894015 3cd0        Options.write_buffer_size: 67108864
2021/11/26-09:44:09.894025 3cd0  Options.max_write_buffer_number: 3
2021/11/26-09:44:09.894034 3cd0          Options.compression: Snappy
2021/11/26-09:44:09.894043 3cd0                  Options.bottommost_compression: Disabled
2021/11/26-09:44:09.894052 3cd0       Options.prefix_extractor: rocksdb.FixedPrefix.8
2021/11/26-09:44:09.894060 3cd0   Options.memtable_insert_with_hint_prefix_extractor: nullptr
2021/11/26-09:44:09.894069 3cd0             Options.num_levels: 7
2021/11/26-09:44:09.894077 3cd0        Options.min_write_buffer_number_to_merge: 1
2021/11/26-09:44:09.894085 3cd0     Options.max_write_buffer_number_to_maintain: 0
2021/11/26-09:44:09.894094 3cd0            Options.bottommost_compression_opts.window_bits: -14
2021/11/26-09:44:09.894102 3cd0                  Options.bottommost_compression_opts.level: 32767
2021/11/26-09:44:09.894111 3cd0               Options.bottommost_compression_opts.strategy: 0
2021/11/26-09:44:09.894119 3cd0         Options.bottommost_compression_opts.max_dict_bytes: 0
2021/11/26-09:44:09.894128 3cd0         Options.bottommost_compression_opts.zstd_max_train_bytes: 0
2021/11/26-09:44:09.894137 3cd0                  Options.bottommost_compression_opts.enabled: false
2021/11/26-09:44:09.894145 3cd0            Options.compression_opts.window_bits: -14
2021/11/26-09:44:09.894154 3cd0                  Options.compression_opts.level: 32767
2021/11/26-09:44:09.894164 3cd0               Options.compression_opts.strategy: 0
2021/11/26-09:44:09.894172 3cd0         Options.compression_opts.max_dict_bytes: 0
2021/11/26-09:44:09.894181 3cd0         Options.compression_opts.zstd_max_train_bytes: 0
2021/11/26-09:44:09.894189 3cd0                  Options.compression_opts.enabled: false
2021/11/26-09:44:09.894198 3cd0      Options.level0_file_num_compaction_trigger: 10
2021/11/26-09:44:09.894206 3cd0          Options.level0_slowdown_writes_trigger: 20
2021/11/26-09:44:09.894214 3cd0              Options.level0_stop_writes_trigger: 40
2021/11/26-09:44:09.894223 3cd0                   Options.target_file_size_base: 67108864
2021/11/26-09:44:09.894231 3cd0             Options.target_file_size_multiplier: 1
2021/11/26-09:44:09.894240 3cd0                Options.max_bytes_for_level_base: 536870912
2021/11/26-09:44:09.894248 3cd0 Options.level_compaction_dynamic_level_bytes: 0
2021/11/26-09:44:09.894256 3cd0          Options.max_bytes_for_level_multiplier: 10.000000
2021/11/26-09:44:09.894266 3cd0 Options.max_bytes_for_level_multiplier_addtl[0]: 1
2021/11/26-09:44:09.894274 3cd0 Options.max_bytes_for_level_multiplier_addtl[1]: 1
2021/11/26-09:44:09.894283 3cd0 Options.max_bytes_for_level_multiplier_addtl[2]: 1
2021/11/26-09:44:09.894291 3cd0 Options.max_bytes_for_level_multiplier_addtl[3]: 1
2021/11/26-09:44:09.894300 3cd0 Options.max_bytes_for_level_multiplier_addtl[4]: 1
2021/11/26-09:44:09.894308 3cd0 Options.max_bytes_for_level_multiplier_addtl[5]: 1
2021/11/26-09:44:09.894316 3cd0 Options.max_bytes_for_level_multiplier_addtl[6]: 1
2021/11/26-09:44:09.894325 3cd0       Options.max_sequential_skip_in_iterations: 8
2021/11/26-09:44:09.894333 3cd0                    Options.max_compaction_bytes: 1677721600
2021/11/26-09:44:09.894341 3cd0                        Options.arena_block_size: 8388608
2021/11/26-09:44:09.894350 3cd0   Options.soft_pending_compaction_bytes_limit: 68719476736
2021/11/26-09:44:09.894358 3cd0   Options.hard_pending_compaction_bytes_limit: 274877906944
2021/11/26-09:44:09.894367 3cd0       Options.rate_limit_delay_max_milliseconds: 100
2021/11/26-09:44:09.894375 3cd0                Options.disable_auto_compactions: 0
2021/11/26-09:44:09.894385 3cd0                        Options.compaction_style: kCompactionStyleLevel
2021/11/26-09:44:09.894395 3cd0                          Options.compaction_pri: kByCompensatedSize
2021/11/26-09:44:09.894403 3cd0 Options.compaction_options_universal.size_ratio: 1
2021/11/26-09:44:09.894411 3cd0 Options.compaction_options_universal.min_merge_width: 2
2021/11/26-09:44:09.894420 3cd0 Options.compaction_options_universal.max_merge_width: 4294967295
2021/11/26-09:44:09.894428 3cd0 Options.compaction_options_universal.max_size_amplification_percent: 200
2021/11/26-09:44:09.894437 3cd0 Options.compaction_options_universal.compression_size_percent: -1
2021/11/26-09:44:09.894446 3cd0 Options.compaction_options_universal.stop_style: kCompactionStopStyleTotalSize
2021/11/26-09:44:09.894454 3cd0 Options.compaction_options_fifo.max_table_files_size: 1073741824
2021/11/26-09:44:09.894463 3cd0 Options.compaction_options_fifo.allow_compaction: 0
2021/11/26-09:44:09.894471 3cd0 Options.compaction_options_fifo.ttl: 0
2021/11/26-09:44:09.894479 3cd0                   Options.table_properties_collectors: 
2021/11/26-09:44:09.894488 3cd0                   Options.inplace_update_support: 0
2021/11/26-09:44:09.894496 3cd0                 Options.inplace_update_num_locks: 10000
2021/11/26-09:44:09.894505 3cd0               Options.memtable_prefix_bloom_size_ratio: 0.125000
2021/11/26-09:44:09.894514 3cd0   Options.memtable_huge_page_size: 0
2021/11/26-09:44:09.894522 3cd0                           Options.bloom_locality: 0
2021/11/26-09:44:09.894532 3cd0                    Options.max_successive_merges: 0
2021/11/26-09:44:09.894541 3cd0                Options.optimize_filters_for_hits: 0
2021/11/26-09:44:09.894551 3cd0                Options.paranoid_file_checks: 0
2021/11/26-09:44:09.894559 3cd0                Options.force_consistency_checks: 1
2021/11/26-09:44:09.894568 3cd0                Options.report_bg_io_stats: 0
2021/11/26-09:44:09.894576 3cd0                               Options.ttl: 0
2021/11/26-09:44:09.897083 3cd0 [db\column_family.cc:474] --------------- Options for column family [Configuration]:
2021/11/26-09:44:09.897113 3cd0               Options.comparator: leveldb.BytewiseComparator
2021/11/26-09:44:09.897122 3cd0           Options.merge_operator: StringAppendOperator
2021/11/26-09:44:09.897131 3cd0        Options.compaction_filter: None
2021/11/26-09:44:09.897140 3cd0        Options.compaction_filter_factory: None
2021/11/26-09:44:09.897149 3cd0         Options.memtable_factory: SkipListFactory
2021/11/26-09:44:09.897160 3cd0            Options.table_factory: BlockBasedTable
2021/11/26-09:44:09.897185 3cd0            table_factory options:   flush_block_policy_factory: FlushBlockBySizePolicyFactory (00000231F233F1D0)
  cache_index_and_filter_blocks: 0
  cache_index_and_filter_blocks_with_high_priority: 1
  pin_l0_filter_and_index_blocks_in_cache: 1
  pin_top_level_index_and_filter: 1
  index_type: 2
  hash_index_allow_collision: 1
  checksum: 1
  no_block_cache: 0
  block_cache: 00000231F83DAB50
  block_cache_name: LRUCache
  block_cache_options:
    capacity : 536870912
    num_shard_bits : 8
    strict_capacity_limit : 0
    memory_allocator : None
    high_pri_pool_ratio: 0.000
  block_cache_compressed: 0000000000000000
  persistent_cache: 0000000000000000
  block_size: 4096
  block_size_deviation: 10
  block_restart_interval: 16
  index_block_restart_interval: 1
  metadata_block_size: 8192
  partition_filters: 1
  use_delta_encoding: 1
  filter_policy: nullptr
  whole_key_filtering: 1
  verify_compression: 0
  read_amp_bytes_per_bit: 0
  format_version: 0
  enable_index_compression: 1
  block_align: 0
2021/11/26-09:44:09.897195 3cd0        Options.write_buffer_size: 67108864
2021/11/26-09:44:09.897204 3cd0  Options.max_write_buffer_number: 3
2021/11/26-09:44:09.897213 3cd0          Options.compression: Snappy
2021/11/26-09:44:09.897222 3cd0                  Options.bottommost_compression: Disabled
2021/11/26-09:44:09.897231 3cd0       Options.prefix_extractor: rocksdb.FixedPrefix.8
2021/11/26-09:44:09.897290 3cd0   Options.memtable_insert_with_hint_prefix_extractor: nullptr
2021/11/26-09:44:09.897301 3cd0             Options.num_levels: 7
2021/11/26-09:44:09.897309 3cd0        Options.min_write_buffer_number_to_merge: 1
2021/11/26-09:44:09.897318 3cd0     Options.max_write_buffer_number_to_maintain: 0
2021/11/26-09:44:09.897327 3cd0            Options.bottommost_compression_opts.window_bits: -14
2021/11/26-09:44:09.897336 3cd0                  Options.bottommost_compression_opts.level: 32767
2021/11/26-09:44:09.897344 3cd0               Options.bottommost_compression_opts.strategy: 0
2021/11/26-09:44:09.897353 3cd0         Options.bottommost_compression_opts.max_dict_bytes: 0
2021/11/26-09:44:09.897362 3cd0         Options.bottommost_compression_opts.zstd_max_train_bytes: 0
2021/11/26-09:44:09.897370 3cd0                  Options.bottommost_compression_opts.enabled: false
2021/11/26-09:44:09.897379 3cd0            Options.compression_opts.window_bits: -14
2021/11/26-09:44:09.897388 3cd0                  Options.compression_opts.level: 32767
2021/11/26-09:44:09.897397 3cd0               Options.compression_opts.strategy: 0
2021/11/26-09:44:09.897405 3cd0         Options.compression_opts.max_dict_bytes: 0
2021/11/26-09:44:09.897414 3cd0         Options.compression_opts.zstd_max_train_bytes: 0
2021/11/26-09:44:09.897423 3cd0                  Options.compression_opts.enabled: false
2021/11/26-09:44:09.897431 3cd0      Options.level0_file_num_compaction_trigger: 10
2021/11/26-09:44:09.897440 3cd0          Options.level0_slowdown_writes_trigger: 20
2021/11/26-09:44:09.897448 3cd0              Options.level0_stop_writes_trigger: 40
2021/11/26-09:44:09.897457 3cd0                   Options.target_file_size_base: 67108864
2021/11/26-09:44:09.897465 3cd0             Options.target_file_size_multiplier: 1
2021/11/26-09:44:09.897474 3cd0                Options.max_bytes_for_level_base: 536870912
2021/11/26-09:44:09.897483 3cd0 Options.level_compaction_dynamic_level_bytes: 0
2021/11/26-09:44:09.897491 3cd0          Options.max_bytes_for_level_multiplier: 10.000000
2021/11/26-09:44:09.897502 3cd0 Options.max_bytes_for_level_multiplier_addtl[0]: 1
2021/11/26-09:44:09.897511 3cd0 Options.max_bytes_for_level_multiplier_addtl[1]: 1
2021/11/26-09:44:09.897520 3cd0 Options.max_bytes_for_level_multiplier_addtl[2]: 1
2021/11/26-09:44:09.897528 3cd0 Options.max_bytes_for_level_multiplier_addtl[3]: 1
2021/11/26-09:44:09.897537 3cd0 Options.max_bytes_for_level_multiplier_addtl[4]: 1
2021/11/26-09:44:09.897545 3cd0 Options.max_bytes_for_level_multiplier_addtl[5]: 1
2021/11/26-09:44:09.897554 3cd0 Options.max_bytes_for_level_multiplier_addtl[6]: 1
2021/11/26-09:44:09.897562 3cd0       Options.max_sequential_skip_in_iterations: 8
2021/11/26-09:44:09.897571 3cd0                    Options.max_compaction_bytes: 1677721600
2021/11/26-09:44:09.897579 3cd0                        Options.arena_block_size: 8388608
2021/11/26-09:44:09.897588 3cd0   Options.soft_pending_compaction_bytes_limit: 68719476736
2021/11/26-09:44:09.897596 3cd0   Options.hard_pending_compaction_bytes_limit: 274877906944
2021/11/26-09:44:09.897605 3cd0       Options.rate_limit_delay_max_milliseconds: 100
2021/11/26-09:44:09.897613 3cd0                Options.disable_auto_compactions: 0
2021/11/26-09:44:09.897623 3cd0                        Options.compaction_style: kCompactionStyleLevel
2021/11/26-09:44:09.897632 3cd0                          Options.compaction_pri: kByCompensatedSize
2021/11/26-09:44:09.897640 3cd0 Options.compaction_options_universal.size_ratio: 1
2021/11/26-09:44:09.897649 3cd0 Options.compaction_options_universal.min_merge_width: 2
2021/11/26-09:44:09.897657 3cd0 Options.compaction_options_universal.max_merge_width: 4294967295
2021/11/26-09:44:09.897666 3cd0 Options.compaction_options_universal.max_size_amplification_percent: 200
2021/11/26-09:44:09.897674 3cd0 Options.compaction_options_universal.compression_size_percent: -1
2021/11/26-09:44:09.897683 3cd0 Options.compaction_options_universal.stop_style: kCompactionStopStyleTotalSize
2021/11/26-09:44:09.897693 3cd0 Options.compaction_options_fifo.max_table_files_size: 1073741824
2021/11/26-09:44:09.897702 3cd0 Options.compaction_options_fifo.allow_compaction: 0
2021/11/26-09:44:09.897710 3cd0 Options.compaction_options_fifo.ttl: 0
2021/11/26-09:44:09.897719 3cd0                   Options.table_properties_collectors: 
2021/11/26-09:44:09.897727 3cd0                   Options.inplace_update_support: 0
2021/11/26-09:44:09.897736 3cd0                 Options.inplace_update_num_locks: 10000
2021/11/26-09:44:09.897744 3cd0               Options.memtable_prefix_bloom_size_ratio: 0.125000
2021/11/26-09:44:09.897753 3cd0   Options.memtable_huge_page_size: 0
2021/11/26-09:44:09.897762 3cd0                           Options.bloom_locality: 0
2021/11/26-09:44:09.897770 3cd0                    Options.max_successive_merges: 0
2021/11/26-09:44:09.897779 3cd0                Options.optimize_filters_for_hits: 0
2021/11/26-09:44:09.897788 3cd0                Options.paranoid_file_checks: 0
2021/11/26-09:44:09.897796 3cd0                Options.force_consistency_checks: 1
2021/11/26-09:44:09.897804 3cd0                Options.report_bg_io_stats: 0
2021/11/26-09:44:09.897813 3cd0                               Options.ttl: 0
2021/11/26-09:44:09.903254 3cd0 [db\version_set.cc:3724] Recovered from manifest file:D:\Developer\bishe\nacos\data\protocol\raft\naming_instance_metadata\log/MANIFEST-000068 succeeded,manifest_file_number is 68, next_file_number is 71, last_sequence is 1355, log_number is 0,prev_log_number is 0,max_column_family is 1,min_log_number_to_keep is 0
2021/11/26-09:44:09.903283 3cd0 [db\version_set.cc:3732] Column family [default] (ID 0), log number is 67
2021/11/26-09:44:09.903293 3cd0 [db\version_set.cc:3732] Column family [Configuration] (ID 1), log number is 67
2021/11/26-09:44:09.903738 3cd0 EVENT_LOG_v1 {"time_micros": 1637891049903728, "job": 1, "event": "recovery_started", "log_files": [70]}
2021/11/26-09:44:09.903753 3cd0 [db\db_impl_open.cc:578] Recovering log #70 mode 2
2021/11/26-09:44:09.906813 3cd0 EVENT_LOG_v1 {"time_micros": 1637891049906779, "cf_name": "default", "job": 1, "event": "table_file_creation", "file_number": 71, "file_size": 747, "table_properties": {"data_size": 0, "index_size": 13, "filter_size": 0, "raw_key_size": 32, "raw_average_key_size": 0, "raw_value_size": 16, "raw_average_value_size": 0, "num_data_blocks": 0, "num_entries": 0, "filter_policy_name": ""}}
2021/11/26-09:44:09.910213 3cd0 [db\version_set.cc:3037] Creating manifest 72
2021/11/26-09:44:09.917754 3cd0 EVENT_LOG_v1 {"time_micros": 1637891049917735, "cf_name": "Configuration", "job": 1, "event": "table_file_creation", "file_number": 73, "file_size": 877, "table_properties": {"data_size": 44, "index_size": 49, "filter_size": 0, "raw_key_size": 58, "raw_average_key_size": 58, "raw_value_size": 24, "raw_average_value_size": 24, "num_data_blocks": 1, "num_entries": 1, "filter_policy_name": ""}}
2021/11/26-09:44:09.921855 3cd0 EVENT_LOG_v1 {"time_micros": 1637891049921847, "job": 1, "event": "recovery_finished"}
2021/11/26-09:44:09.929038 3cd0 [db\db_impl_open.cc:1314] DB pointer 00000231F53CB000
2021/11/26-09:44:09.929829 842c [WARN] [db\db_impl.cc:669] ------- DUMPING STATS -------
2021/11/26-09:44:09.929871 842c [WARN] [db\db_impl.cc:670] 
** DB Stats **
Uptime(secs): 0.0 total, 0.0 interval
Cumulative writes: 0 writes, 0 keys, 0 commit groups, 0.0 writes per commit group, ingest: 0.00 GB, 0.00 MB/s
Cumulative WAL: 0 writes, 0 syncs, 0.00 writes per sync, written: 0.00 GB, 0.00 MB/s
Cumulative stall: 00:00:0.000 H:M:S, 0.0 percent
Interval writes: 0 writes, 0 keys, 0 commit groups, 0.0 writes per commit group, ingest: 0.00 MB, 0.00 MB/s
Interval WAL: 0 writes, 0 syncs, 0.00 writes per sync, written: 0.00 MB, 0.00 MB/s
Interval stall: 00:00:0.000 H:M:S, 0.0 percent

** Compaction Stats [default] **
Level    Files   Size     Score Read(GB)  Rn(GB) Rnp1(GB) Write(GB) Wnew(GB) Moved(GB) W-Amp Rd(MB/s) Wr(MB/s) Comp(sec) Comp(cnt) Avg(sec) KeyIn KeyDrop
----------------------------------------------------------------------------------------------------------------------------------------------------------
  L0      6/0    4.38 KB   0.6      0.0     0.0      0.0       0.0      0.0       0.0   1.0      0.0      0.3         0         1    0.003       0      0
 Sum      6/0    4.38 KB   0.0      0.0     0.0      0.0       0.0      0.0       0.0   1.0      0.0      0.3         0         1    0.003       0      0
 Int      0/0    0.00 KB   0.0      0.0     0.0      0.0       0.0      0.0       0.0   1.0      0.0      0.3         0         1    0.003       0      0
Uptime(secs): 0.0 total, 0.0 interval
Flush(GB): cumulative 0.000, interval 0.000
AddFile(GB): cumulative 0.000, interval 0.000
AddFile(Total Files): cumulative 0, interval 0
AddFile(L0 Files): cumulative 0, interval 0
AddFile(Keys): cumulative 0, interval 0
Cumulative compaction: 0.00 GB write, 0.02 MB/s write, 0.00 GB read, 0.00 MB/s read, 0.0 seconds
Interval compaction: 0.00 GB write, 0.02 MB/s write, 0.00 GB read, 0.00 MB/s read, 0.0 seconds
Stalls(count): 0 level0_slowdown, 0 level0_slowdown_with_compaction, 0 level0_numfiles, 0 level0_numfiles_with_compaction, 0 stop for pending_compaction_bytes, 0 slowdown for pending_compaction_bytes, 0 memtable_compaction, 0 memtable_slowdown, interval 0 total count

** File Read Latency Histogram By Level [default] **
** Level 0 read latency histogram (micros):
Count: 30 Average: 69.9333  StdDev: 152.72
Min: 2  Median: 2.8571  Max: 548
Percentiles: P50: 2.86 P75: 5.80 P99: 548.00 P99.9: 548.00 P99.99: 548.00
------------------------------------------------------
(       1,       2 ]        3  10.000%  10.000% ##
(       2,       3 ]       14  46.667%  56.667% #########
(       3,       4 ]        1   3.333%  60.000% #
(       4,       6 ]        5  16.667%  76.667% ###
(      10,      15 ]        1   3.333%  80.000% #
(      51,      76 ]        1   3.333%  83.333% #
(     170,     250 ]        1   3.333%  86.667% #
(     250,     380 ]        1   3.333%  90.000% #
(     380,     580 ]        3  10.000% 100.000% ##


** Compaction Stats [Configuration] **
Level    Files   Size     Score Read(GB)  Rn(GB) Rnp1(GB) Write(GB) Wnew(GB) Moved(GB) W-Amp Rd(MB/s) Wr(MB/s) Comp(sec) Comp(cnt) Avg(sec) KeyIn KeyDrop
----------------------------------------------------------------------------------------------------------------------------------------------------------
  L0      6/0    5.14 KB   0.6      0.0     0.0      0.0       0.0      0.0       0.0   1.0      0.0      0.4         0         1    0.002       0      0
  L1      1/0    0.76 KB   0.0      0.0     0.0      0.0       0.0      0.0       0.0   0.0      0.0      0.0         0         0    0.000       0      0
 Sum      7/0    5.90 KB   0.0      0.0     0.0      0.0       0.0      0.0       0.0   1.0      0.0      0.4         0         1    0.002       0      0
 Int      0/0    0.00 KB   0.0      0.0     0.0      0.0       0.0      0.0       0.0   1.0      0.0      0.4         0         1    0.002       0      0
Uptime(secs): 0.0 total, 0.0 interval
Flush(GB): cumulative 0.000, interval 0.000
AddFile(GB): cumulative 0.000, interval 0.000
AddFile(Total Files): cumulative 0, interval 0
AddFile(L0 Files): cumulative 0, interval 0
AddFile(Keys): cumulative 0, interval 0
Cumulative compaction: 0.00 GB write, 0.03 MB/s write, 0.00 GB read, 0.00 MB/s read, 0.0 seconds
Interval compaction: 0.00 GB write, 0.03 MB/s write, 0.00 GB read, 0.00 MB/s read, 0.0 seconds
Stalls(count): 0 level0_slowdown, 0 level0_slowdown_with_compaction, 0 level0_numfiles, 0 level0_numfiles_with_compaction, 0 stop for pending_compaction_bytes, 0 slowdown for pending_compaction_bytes, 0 memtable_compaction, 0 memtable_slowdown, interval 0 total count

** File Read Latency Histogram By Level [Configuration] **
** Level 0 read latency histogram (micros):
Count: 42 Average: 51.5714  StdDev: 134.42
Min: 1  Median: 2.2500  Max: 533
Percentiles: P50: 2.25 P75: 3.94 P99: 533.00 P99.9: 533.00 P99.99: 533.00
------------------------------------------------------
[       0,       1 ]        1   2.381%   2.381% 
(       1,       2 ]       19  45.238%  47.619% #########
(       2,       3 ]        4   9.524%  57.143% ##
(       3,       4 ]        8  19.048%  76.190% ####
(       4,       6 ]        4   9.524%  85.714% ##
(      34,      51 ]        1   2.381%  88.095% 
(     250,     380 ]        2   4.762%  92.857% #
(     380,     580 ]        3   7.143% 100.000% #

** Level 1 read latency histogram (micros):
Count: 6 Average: 40.8333  StdDev: 84.16
Min: 2  Median: 3.0000  Max: 229
Percentiles: P50: 3.00 P75: 5.00 P99: 229.00 P99.9: 229.00 P99.99: 229.00
------------------------------------------------------
(       1,       2 ]        2  33.333%  33.333% #######
(       2,       3 ]        1  16.667%  50.000% ###
(       3,       4 ]        1  16.667%  66.667% ###
(       4,       6 ]        1  16.667%  83.333% ###
(     170,     250 ]        1  16.667% 100.000% ###


** Compaction Stats [default] **
Level    Files   Size     Score Read(GB)  Rn(GB) Rnp1(GB) Write(GB) Wnew(GB) Moved(GB) W-Amp Rd(MB/s) Wr(MB/s) Comp(sec) Comp(cnt) Avg(sec) KeyIn KeyDrop
----------------------------------------------------------------------------------------------------------------------------------------------------------
  L0      6/0    4.38 KB   0.6      0.0     0.0      0.0       0.0      0.0       0.0   1.0      0.0      0.3         0         1    0.003       0      0
 Sum      6/0    4.38 KB   0.0      0.0     0.0      0.0       0.0      0.0       0.0   1.0      0.0      0.3         0         1    0.003       0      0
 Int      0/0    0.00 KB   0.0      0.0     0.0      0.0       0.0      0.0       0.0   0.0      0.0      0.0         0         0    0.000       0      0
Uptime(secs): 0.0 total, 0.0 interval
Flush(GB): cumulative 0.000, interval 0.000
AddFile(GB): cumulative 0.000, interval 0.000
AddFile(Total Files): cumulative 0, interval 0
AddFile(L0 Files): cumulative 0, interval 0
AddFile(Keys): cumulative 0, interval 0
Cumulative compaction: 0.00 GB write, 0.02 MB/s write, 0.00 GB read, 0.00 MB/s read, 0.0 seconds
Interval compaction: 0.00 GB write, 0.00 MB/s write, 0.00 GB read, 0.00 MB/s read, 0.0 seconds
Stalls(count): 0 level0_slowdown, 0 level0_slowdown_with_compaction, 0 level0_numfiles, 0 level0_numfiles_with_compaction, 0 stop for pending_compaction_bytes, 0 slowdown for pending_compaction_bytes, 0 memtable_compaction, 0 memtable_slowdown, interval 0 total count

** File Read Latency Histogram By Level [default] **
** Level 0 read latency histogram (micros):
Count: 30 Average: 69.9333  StdDev: 152.72
Min: 2  Median: 2.8571  Max: 548
Percentiles: P50: 2.86 P75: 5.80 P99: 548.00 P99.9: 548.00 P99.99: 548.00
------------------------------------------------------
(       1,       2 ]        3  10.000%  10.000% ##
(       2,       3 ]       14  46.667%  56.667% #########
(       3,       4 ]        1   3.333%  60.000% #
(       4,       6 ]        5  16.667%  76.667% ###
(      10,      15 ]        1   3.333%  80.000% #
(      51,      76 ]        1   3.333%  83.333% #
(     170,     250 ]        1   3.333%  86.667% #
(     250,     380 ]        1   3.333%  90.000% #
(     380,     580 ]        3  10.000% 100.000% ##


** Compaction Stats [Configuration] **
Level    Files   Size     Score Read(GB)  Rn(GB) Rnp1(GB) Write(GB) Wnew(GB) Moved(GB) W-Amp Rd(MB/s) Wr(MB/s) Comp(sec) Comp(cnt) Avg(sec) KeyIn KeyDrop
----------------------------------------------------------------------------------------------------------------------------------------------------------
  L0      6/0    5.14 KB   0.6      0.0     0.0      0.0       0.0      0.0       0.0   1.0      0.0      0.4         0         1    0.002       0      0
  L1      1/0    0.76 KB   0.0      0.0     0.0      0.0       0.0      0.0       0.0   0.0      0.0      0.0         0         0    0.000       0      0
 Sum      7/0    5.90 KB   0.0      0.0     0.0      0.0       0.0      0.0       0.0   1.0      0.0      0.4         0         1    0.002       0      0
 Int      0/0    0.00 KB   0.0      0.0     0.0      0.0       0.0      0.0       0.0   0.0      0.0      0.0         0         0    0.000       0      0
Uptime(secs): 0.0 total, 0.0 interval
Flush(GB): cumulative 0.000, interval 0.000
AddFile(GB): cumulative 0.000, interval 0.000
AddFile(Total Files): cumulative 0, interval 0
AddFile(L0 Files): cumulative 0, interval 0
AddFile(Keys): cumulative 0, interval 0
Cumulative compaction: 0.00 GB write, 0.03 MB/s write, 0.00 GB read, 0.00 MB/s read, 0.0 seconds
Interval compaction: 0.00 GB write, 0.00 MB/s write, 0.00 GB read, 0.00 MB/s read, 0.0 seconds
Stalls(count): 0 level0_slowdown, 0 level0_slowdown_with_compaction, 0 level0_numfiles, 0 level0_numfiles_with_compaction, 0 stop for pending_compaction_bytes, 0 slowdown for pending_compaction_bytes, 0 memtable_compaction, 0 memtable_slowdown, interval 0 total count

** File Read Latency Histogram By Level [Configuration] **
** Level 0 read latency histogram (micros):
Count: 42 Average: 51.5714  StdDev: 134.42
Min: 1  Median: 2.2500  Max: 533
Percentiles: P50: 2.25 P75: 3.94 P99: 533.00 P99.9: 533.00 P99.99: 533.00
------------------------------------------------------
[       0,       1 ]        1   2.381%   2.381% 
(       1,       2 ]       19  45.238%  47.619% #########
(       2,       3 ]        4   9.524%  57.143% ##
(       3,       4 ]        8  19.048%  76.190% ####
(       4,       6 ]        4   9.524%  85.714% ##
(      34,      51 ]        1   2.381%  88.095% 
(     250,     380 ]        2   4.762%  92.857% #
(     380,     580 ]        3   7.143% 100.000% #

** Level 1 read latency histogram (micros):
Count: 6 Average: 40.8333  StdDev: 84.16
Min: 2  Median: 3.0000  Max: 229
Percentiles: P50: 3.00 P75: 5.00 P99: 229.00 P99.9: 229.00 P99.99: 229.00
------------------------------------------------------
(       1,       2 ]        2  33.333%  33.333% #######
(       2,       3 ]        1  16.667%  50.000% ###
(       3,       4 ]        1  16.667%  66.667% ###
(       4,       6 ]        1  16.667%  83.333% ###
(     170,     250 ]        1  16.667% 100.000% ###

2021/11/26-09:44:09.931056 842c [WARN] [db\db_impl.cc:617] STATISTICS:
 rocksdb.block.cache.miss COUNT : 26
rocksdb.block.cache.hit COUNT : 6
rocksdb.block.cache.add COUNT : 26
rocksdb.block.cache.add.failures COUNT : 0
rocksdb.block.cache.index.miss COUNT : 7
rocksdb.block.cache.index.hit COUNT : 6
rocksdb.block.cache.index.add COUNT : 7
rocksdb.block.cache.index.bytes.insert COUNT : 714
rocksdb.block.cache.index.bytes.evict COUNT : 0
rocksdb.block.cache.filter.miss COUNT : 0
rocksdb.block.cache.filter.hit COUNT : 0
rocksdb.block.cache.filter.add COUNT : 0
rocksdb.block.cache.filter.bytes.insert COUNT : 0
rocksdb.block.cache.filter.bytes.evict COUNT : 0
rocksdb.block.cache.data.miss COUNT : 19
rocksdb.block.cache.data.hit COUNT : 0
rocksdb.block.cache.data.add COUNT : 19
rocksdb.block.cache.data.bytes.insert COUNT : 2627
rocksdb.block.cache.bytes.read COUNT : 612
rocksdb.block.cache.bytes.write COUNT : 3341
rocksdb.bloom.filter.useful COUNT : 0
rocksdb.bloom.filter.full.positive COUNT : 0
rocksdb.bloom.filter.full.true.positive COUNT : 0
rocksdb.persistent.cache.hit COUNT : 0
rocksdb.persistent.cache.miss COUNT : 0
rocksdb.sim.block.cache.hit COUNT : 0
rocksdb.sim.block.cache.miss COUNT : 0
rocksdb.memtable.hit COUNT : 0
rocksdb.memtable.miss COUNT : 0
rocksdb.l0.hit COUNT : 0
rocksdb.l1.hit COUNT : 0
rocksdb.l2andup.hit COUNT : 0
rocksdb.compaction.key.drop.new COUNT : 0
rocksdb.compaction.key.drop.obsolete COUNT : 0
rocksdb.compaction.key.drop.range_del COUNT : 0
rocksdb.compaction.key.drop.user COUNT : 0
rocksdb.compaction.range_del.drop.obsolete COUNT : 0
rocksdb.compaction.optimized.del.drop.obsolete COUNT : 0
rocksdb.compaction.cancelled COUNT : 0
rocksdb.number.keys.written COUNT : 1
rocksdb.number.keys.read COUNT : 0
rocksdb.number.keys.updated COUNT : 0
rocksdb.bytes.written COUNT : 31
rocksdb.bytes.read COUNT : 0
rocksdb.number.db.seek COUNT : 2
rocksdb.number.db.next COUNT : 1
rocksdb.number.db.prev COUNT : 0
rocksdb.number.db.seek.found COUNT : 1
rocksdb.number.db.next.found COUNT : 0
rocksdb.number.db.prev.found COUNT : 0
rocksdb.db.iter.bytes.read COUNT : 26
rocksdb.no.file.closes COUNT : 0
rocksdb.no.file.opens COUNT : 13
rocksdb.no.file.errors COUNT : 0
rocksdb.l0.slowdown.micros COUNT : 0
rocksdb.memtable.compaction.micros COUNT : 0
rocksdb.l0.num.files.stall.micros COUNT : 0
rocksdb.stall.micros COUNT : 0
rocksdb.db.mutex.wait.micros COUNT : 0
rocksdb.rate.limit.delay.millis COUNT : 0
rocksdb.num.iterators COUNT : 0
rocksdb.number.multiget.get COUNT : 0
rocksdb.number.multiget.keys.read COUNT : 0
rocksdb.number.multiget.bytes.read COUNT : 0
rocksdb.number.deletes.filtered COUNT : 0
rocksdb.number.merge.failures COUNT : 0
rocksdb.bloom.filter.prefix.checked COUNT : 0
rocksdb.bloom.filter.prefix.useful COUNT : 0
rocksdb.number.reseeks.iteration COUNT : 0
rocksdb.getupdatessince.calls COUNT : 0
rocksdb.block.cachecompressed.miss COUNT : 0
rocksdb.block.cachecompressed.hit COUNT : 0
rocksdb.block.cachecompressed.add COUNT : 0
rocksdb.block.cachecompressed.add.failures COUNT : 0
rocksdb.wal.synced COUNT : 0
rocksdb.wal.bytes COUNT : 0
rocksdb.write.self COUNT : 1
rocksdb.write.other COUNT : 0
rocksdb.write.timeout COUNT : 0
rocksdb.write.wal COUNT : 1
rocksdb.compact.read.bytes COUNT : 0
rocksdb.compact.write.bytes COUNT : 1624
rocksdb.flush.write.bytes COUNT : 0
rocksdb.number.direct.load.table.properties COUNT : 0
rocksdb.number.superversion_acquires COUNT : 2
rocksdb.number.superversion_releases COUNT : 0
rocksdb.number.superversion_cleanups COUNT : 0
rocksdb.number.block.compressed COUNT : 1
rocksdb.number.block.decompressed COUNT : 7
rocksdb.number.block.not_compressed COUNT : 0
rocksdb.merge.operation.time.nanos COUNT : 0
rocksdb.filter.operation.time.nanos COUNT : 0
rocksdb.row.cache.hit COUNT : 0
rocksdb.row.cache.miss COUNT : 0
rocksdb.read.amp.estimate.useful.bytes COUNT : 0
rocksdb.read.amp.total.read.bytes COUNT : 0
rocksdb.number.rate_limiter.drains COUNT : 0
rocksdb.number.iter.skip COUNT : 6
rocksdb.blobdb.num.put COUNT : 0
rocksdb.blobdb.num.write COUNT : 0
rocksdb.blobdb.num.get COUNT : 0
rocksdb.blobdb.num.multiget COUNT : 0
rocksdb.blobdb.num.seek COUNT : 0
rocksdb.blobdb.num.next COUNT : 0
rocksdb.blobdb.num.prev COUNT : 0
rocksdb.blobdb.num.keys.written COUNT : 0
rocksdb.blobdb.num.keys.read COUNT : 0
rocksdb.blobdb.bytes.written COUNT : 0
rocksdb.blobdb.bytes.read COUNT : 0
rocksdb.blobdb.write.inlined COUNT : 0
rocksdb.blobdb.write.inlined.ttl COUNT : 0
rocksdb.blobdb.write.blob COUNT : 0
rocksdb.blobdb.write.blob.ttl COUNT : 0
rocksdb.blobdb.blob.file.bytes.written COUNT : 0
rocksdb.blobdb.blob.file.bytes.read COUNT : 0
rocksdb.blobdb.blob.file.synced COUNT : 0
rocksdb.blobdb.blob.index.expired.count COUNT : 0
rocksdb.blobdb.blob.index.expired.size COUNT : 0
rocksdb.blobdb.blob.index.evicted.count COUNT : 0
rocksdb.blobdb.blob.index.evicted.size COUNT : 0
rocksdb.blobdb.gc.num.files COUNT : 0
rocksdb.blobdb.gc.num.new.files COUNT : 0
rocksdb.blobdb.gc.failures COUNT : 0
rocksdb.blobdb.gc.num.keys.overwritten COUNT : 0
rocksdb.blobdb.gc.num.keys.expired COUNT : 0
rocksdb.blobdb.gc.num.keys.relocated COUNT : 0
rocksdb.blobdb.gc.bytes.overwritten COUNT : 0
rocksdb.blobdb.gc.bytes.expired COUNT : 0
