2021/11/25-09:52:14.129299 66b4 RocksDB version: 5.18.4
2021/11/25-09:52:14.129422 66b4 Git sha rocksdb_build_git_sha:@b9a4a10659969c71e6f6eab4e4bae8c36ede919f@
2021/11/25-09:52:14.129449 66b4 Compile date Mar 11 2020
2021/11/25-09:52:14.129470 66b4 DB SUMMARY
2021/11/25-09:52:14.129756 66b4 CURRENT file:  CURRENT
2021/11/25-09:52:14.129793 66b4 IDENTITY file:  IDENTITY
2021/11/25-09:52:14.129828 66b4 MANIFEST file:  MANIFEST-000064 size: 595 Bytes
2021/11/25-09:52:14.129851 66b4 SST files in D:\Developer\bishe\nacos\data\protocol\raft\naming_instance_metadata\log dir, Total Num: 9, files: 000049.sst 000051.sst 000053.sst 000055.sst 000057.sst 000059.sst 000061.sst 000063.sst 000065.sst 
2021/11/25-09:52:14.129872 66b4 Write Ahead Log file in D:\Developer\bishe\nacos\data\protocol\raft\naming_instance_metadata\log: 000066.log size: 3715 ; 
2021/11/25-09:52:14.130148 66b4                         Options.error_if_exists: 0
2021/11/25-09:52:14.130171 66b4                       Options.create_if_missing: 1
2021/11/25-09:52:14.130181 66b4                         Options.paranoid_checks: 1
2021/11/25-09:52:14.130189 66b4                                     Options.env: 000002635C598AA0
2021/11/25-09:52:14.130199 66b4                                Options.info_log: 000002635B2A5350
2021/11/25-09:52:14.130207 66b4                Options.max_file_opening_threads: 16
2021/11/25-09:52:14.130216 66b4                              Options.statistics: 00000263592B4610
2021/11/25-09:52:14.130225 66b4                               Options.use_fsync: 0
2021/11/25-09:52:14.130233 66b4                       Options.max_log_file_size: 0
2021/11/25-09:52:14.130242 66b4                  Options.max_manifest_file_size: 1073741824
2021/11/25-09:52:14.130250 66b4                   Options.log_file_time_to_roll: 0
2021/11/25-09:52:14.130259 66b4                       Options.keep_log_file_num: 1000
2021/11/25-09:52:14.130268 66b4                    Options.recycle_log_file_num: 0
2021/11/25-09:52:14.130276 66b4                         Options.allow_fallocate: 1
2021/11/25-09:52:14.130284 66b4                        Options.allow_mmap_reads: 0
2021/11/25-09:52:14.130293 66b4                       Options.allow_mmap_writes: 0
2021/11/25-09:52:14.130301 66b4                        Options.use_direct_reads: 0
2021/11/25-09:52:14.130310 66b4                        Options.use_direct_io_for_flush_and_compaction: 0
2021/11/25-09:52:14.130319 66b4          Options.create_missing_column_families: 1
2021/11/25-09:52:14.130327 66b4                              Options.db_log_dir: 
2021/11/25-09:52:14.130336 66b4                                 Options.wal_dir: D:\Developer\bishe\nacos\data\protocol\raft\naming_instance_metadata\log
2021/11/25-09:52:14.130345 66b4                Options.table_cache_numshardbits: 6
2021/11/25-09:52:14.130353 66b4                      Options.max_subcompactions: 1
2021/11/25-09:52:14.130362 66b4                  Options.max_background_flushes: 1
2021/11/25-09:52:14.130372 66b4                         Options.WAL_ttl_seconds: 0
2021/11/25-09:52:14.130382 66b4                       Options.WAL_size_limit_MB: 0
2021/11/25-09:52:14.130390 66b4             Options.manifest_preallocation_size: 4194304
2021/11/25-09:52:14.130399 66b4                     Options.is_fd_close_on_exec: 1
2021/11/25-09:52:14.130407 66b4                   Options.advise_random_on_open: 1
2021/11/25-09:52:14.130416 66b4                    Options.db_write_buffer_size: 0
2021/11/25-09:52:14.130424 66b4                    Options.write_buffer_manager: 0000026359015310
2021/11/25-09:52:14.130433 66b4         Options.access_hint_on_compaction_start: 1
2021/11/25-09:52:14.130441 66b4  Options.new_table_reader_for_compaction_inputs: 0
2021/11/25-09:52:14.130449 66b4           Options.random_access_max_buffer_size: 1048576
2021/11/25-09:52:14.130458 66b4                      Options.use_adaptive_mutex: 0
2021/11/25-09:52:14.130466 66b4                            Options.rate_limiter: 0000000000000000
2021/11/25-09:52:14.130475 66b4     Options.sst_file_manager.rate_bytes_per_sec: 0
2021/11/25-09:52:14.130525 66b4                       Options.wal_recovery_mode: 2
2021/11/25-09:52:14.130536 66b4                  Options.enable_thread_tracking: 0
2021/11/25-09:52:14.130545 66b4                  Options.enable_pipelined_write: 0
2021/11/25-09:52:14.130553 66b4         Options.allow_concurrent_memtable_write: 1
2021/11/25-09:52:14.130562 66b4      Options.enable_write_thread_adaptive_yield: 1
2021/11/25-09:52:14.130570 66b4             Options.write_thread_max_yield_usec: 100
2021/11/25-09:52:14.130579 66b4            Options.write_thread_slow_yield_usec: 3
2021/11/25-09:52:14.130587 66b4                               Options.row_cache: None
2021/11/25-09:52:14.130596 66b4                              Options.wal_filter: None
2021/11/25-09:52:14.130607 66b4             Options.avoid_flush_during_recovery: 0
2021/11/25-09:52:14.130616 66b4             Options.allow_ingest_behind: 0
2021/11/25-09:52:14.130625 66b4             Options.preserve_deletes: 0
2021/11/25-09:52:14.130633 66b4             Options.two_write_queues: 0
2021/11/25-09:52:14.130641 66b4             Options.manual_wal_flush: 0
2021/11/25-09:52:14.130650 66b4             Options.max_background_jobs: 2
2021/11/25-09:52:14.130658 66b4             Options.max_background_compactions: 4
2021/11/25-09:52:14.130667 66b4             Options.avoid_flush_during_shutdown: 0
2021/11/25-09:52:14.130675 66b4           Options.writable_file_max_buffer_size: 1048576
2021/11/25-09:52:14.130684 66b4             Options.delayed_write_rate : 16777216
2021/11/25-09:52:14.130692 66b4             Options.max_total_wal_size: 0
2021/11/25-09:52:14.130701 66b4             Options.delete_obsolete_files_period_micros: 21600000000
2021/11/25-09:52:14.130710 66b4                   Options.stats_dump_period_sec: 600
2021/11/25-09:52:14.130718 66b4                          Options.max_open_files: -1
2021/11/25-09:52:14.130727 66b4                          Options.bytes_per_sync: 0
2021/11/25-09:52:14.130736 66b4                      Options.wal_bytes_per_sync: 0
2021/11/25-09:52:14.130744 66b4       Options.compaction_readahead_size: 0
2021/11/25-09:52:14.130753 66b4 Compression algorithms supported:
2021/11/25-09:52:14.130762 66b4 	kZSTD supported: 1
2021/11/25-09:52:14.130771 66b4 	kSnappyCompression supported: 1
2021/11/25-09:52:14.130780 66b4 	kBZip2Compression supported: 0
2021/11/25-09:52:14.130789 66b4 	kZlibCompression supported: 1
2021/11/25-09:52:14.130797 66b4 	kLZ4Compression supported: 1
2021/11/25-09:52:14.130806 66b4 	kXpressCompression supported: 0
2021/11/25-09:52:14.130814 66b4 	kLZ4HCCompression supported: 1
2021/11/25-09:52:14.130823 66b4 	kZSTDNotFinalCompression supported: 1
2021/11/25-09:52:14.130834 66b4 Fast CRC32 supported: Supported on x86
2021/11/25-09:52:14.132120 66b4 [db\version_set.cc:3508] Recovering from manifest file: MANIFEST-000064
2021/11/25-09:52:14.132356 66b4 [db\column_family.cc:474] --------------- Options for column family [default]:
2021/11/25-09:52:14.132370 66b4               Options.comparator: leveldb.BytewiseComparator
2021/11/25-09:52:14.132380 66b4           Options.merge_operator: StringAppendOperator
2021/11/25-09:52:14.132389 66b4        Options.compaction_filter: None
2021/11/25-09:52:14.132398 66b4        Options.compaction_filter_factory: None
2021/11/25-09:52:14.132406 66b4         Options.memtable_factory: SkipListFactory
2021/11/25-09:52:14.132415 66b4            Options.table_factory: BlockBasedTable
2021/11/25-09:52:14.132449 66b4            table_factory options:   flush_block_policy_factory: FlushBlockBySizePolicyFactory (0000026355FB5740)
  cache_index_and_filter_blocks: 0
  cache_index_and_filter_blocks_with_high_priority: 1
  pin_l0_filter_and_index_blocks_in_cache: 1
  pin_top_level_index_and_filter: 1
  index_type: 2
  hash_index_allow_collision: 1
  checksum: 1
  no_block_cache: 0
  block_cache: 0000026357565210
  block_cache_name: LRUCache
  block_cache_options:
    capacity : 536870912
    num_shard_bits : 8
    strict_capacity_limit : 0
    memory_allocator : None
    high_pri_pool_ratio: 0.000
  block_cache_compressed: 0000000000000000
  persistent_cache: 0000000000000000
  block_size: 4096
  block_size_deviation: 10
  block_restart_interval: 16
  index_block_restart_interval: 1
  metadata_block_size: 8192
  partition_filters: 1
  use_delta_encoding: 1
  filter_policy: nullptr
  whole_key_filtering: 1
  verify_compression: 0
  read_amp_bytes_per_bit: 0
  format_version: 0
  enable_index_compression: 1
  block_align: 0
2021/11/25-09:52:14.132505 66b4        Options.write_buffer_size: 67108864
2021/11/25-09:52:14.132516 66b4  Options.max_write_buffer_number: 3
2021/11/25-09:52:14.132524 66b4          Options.compression: Snappy
2021/11/25-09:52:14.132533 66b4                  Options.bottommost_compression: Disabled
2021/11/25-09:52:14.132542 66b4       Options.prefix_extractor: rocksdb.FixedPrefix.8
2021/11/25-09:52:14.132551 66b4   Options.memtable_insert_with_hint_prefix_extractor: nullptr
2021/11/25-09:52:14.132559 66b4             Options.num_levels: 7
2021/11/25-09:52:14.132568 66b4        Options.min_write_buffer_number_to_merge: 1
2021/11/25-09:52:14.132576 66b4     Options.max_write_buffer_number_to_maintain: 0
2021/11/25-09:52:14.132585 66b4            Options.bottommost_compression_opts.window_bits: -14
2021/11/25-09:52:14.132593 66b4                  Options.bottommost_compression_opts.level: 32767
2021/11/25-09:52:14.132604 66b4               Options.bottommost_compression_opts.strategy: 0
2021/11/25-09:52:14.132613 66b4         Options.bottommost_compression_opts.max_dict_bytes: 0
2021/11/25-09:52:14.132622 66b4         Options.bottommost_compression_opts.zstd_max_train_bytes: 0
2021/11/25-09:52:14.132631 66b4                  Options.bottommost_compression_opts.enabled: false
2021/11/25-09:52:14.132639 66b4            Options.compression_opts.window_bits: -14
2021/11/25-09:52:14.132648 66b4                  Options.compression_opts.level: 32767
2021/11/25-09:52:14.132656 66b4               Options.compression_opts.strategy: 0
2021/11/25-09:52:14.132665 66b4         Options.compression_opts.max_dict_bytes: 0
2021/11/25-09:52:14.132673 66b4         Options.compression_opts.zstd_max_train_bytes: 0
2021/11/25-09:52:14.132682 66b4                  Options.compression_opts.enabled: false
2021/11/25-09:52:14.132690 66b4      Options.level0_file_num_compaction_trigger: 10
2021/11/25-09:52:14.132699 66b4          Options.level0_slowdown_writes_trigger: 20
2021/11/25-09:52:14.132708 66b4              Options.level0_stop_writes_trigger: 40
2021/11/25-09:52:14.132716 66b4                   Options.target_file_size_base: 67108864
2021/11/25-09:52:14.132725 66b4             Options.target_file_size_multiplier: 1
2021/11/25-09:52:14.132733 66b4                Options.max_bytes_for_level_base: 536870912
2021/11/25-09:52:14.132742 66b4 Options.level_compaction_dynamic_level_bytes: 0
2021/11/25-09:52:14.132750 66b4          Options.max_bytes_for_level_multiplier: 10.000000
2021/11/25-09:52:14.132760 66b4 Options.max_bytes_for_level_multiplier_addtl[0]: 1
2021/11/25-09:52:14.132769 66b4 Options.max_bytes_for_level_multiplier_addtl[1]: 1
2021/11/25-09:52:14.132777 66b4 Options.max_bytes_for_level_multiplier_addtl[2]: 1
2021/11/25-09:52:14.132786 66b4 Options.max_bytes_for_level_multiplier_addtl[3]: 1
2021/11/25-09:52:14.132794 66b4 Options.max_bytes_for_level_multiplier_addtl[4]: 1
2021/11/25-09:52:14.132802 66b4 Options.max_bytes_for_level_multiplier_addtl[5]: 1
2021/11/25-09:52:14.132811 66b4 Options.max_bytes_for_level_multiplier_addtl[6]: 1
2021/11/25-09:52:14.132819 66b4       Options.max_sequential_skip_in_iterations: 8
2021/11/25-09:52:14.132828 66b4                    Options.max_compaction_bytes: 1677721600
2021/11/25-09:52:14.132836 66b4                        Options.arena_block_size: 8388608
2021/11/25-09:52:14.132845 66b4   Options.soft_pending_compaction_bytes_limit: 68719476736
2021/11/25-09:52:14.132854 66b4   Options.hard_pending_compaction_bytes_limit: 274877906944
2021/11/25-09:52:14.132862 66b4       Options.rate_limit_delay_max_milliseconds: 100
2021/11/25-09:52:14.132871 66b4                Options.disable_auto_compactions: 0
2021/11/25-09:52:14.132881 66b4                        Options.compaction_style: kCompactionStyleLevel
2021/11/25-09:52:14.132891 66b4                          Options.compaction_pri: kByCompensatedSize
2021/11/25-09:52:14.132900 66b4 Options.compaction_options_universal.size_ratio: 1
2021/11/25-09:52:14.132908 66b4 Options.compaction_options_universal.min_merge_width: 2
2021/11/25-09:52:14.132917 66b4 Options.compaction_options_universal.max_merge_width: 4294967295
2021/11/25-09:52:14.132925 66b4 Options.compaction_options_universal.max_size_amplification_percent: 200
2021/11/25-09:52:14.132934 66b4 Options.compaction_options_universal.compression_size_percent: -1
2021/11/25-09:52:14.132943 66b4 Options.compaction_options_universal.stop_style: kCompactionStopStyleTotalSize
2021/11/25-09:52:14.132951 66b4 Options.compaction_options_fifo.max_table_files_size: 1073741824
2021/11/25-09:52:14.132960 66b4 Options.compaction_options_fifo.allow_compaction: 0
2021/11/25-09:52:14.132968 66b4 Options.compaction_options_fifo.ttl: 0
2021/11/25-09:52:14.132977 66b4                   Options.table_properties_collectors: 
2021/11/25-09:52:14.132985 66b4                   Options.inplace_update_support: 0
2021/11/25-09:52:14.132994 66b4                 Options.inplace_update_num_locks: 10000
2021/11/25-09:52:14.133002 66b4               Options.memtable_prefix_bloom_size_ratio: 0.125000
2021/11/25-09:52:14.133011 66b4   Options.memtable_huge_page_size: 0
2021/11/25-09:52:14.133020 66b4                           Options.bloom_locality: 0
2021/11/25-09:52:14.133029 66b4                    Options.max_successive_merges: 0
2021/11/25-09:52:14.133037 66b4                Options.optimize_filters_for_hits: 0
2021/11/25-09:52:14.133046 66b4                Options.paranoid_file_checks: 0
2021/11/25-09:52:14.133054 66b4                Options.force_consistency_checks: 1
2021/11/25-09:52:14.133063 66b4                Options.report_bg_io_stats: 0
2021/11/25-09:52:14.133071 66b4                               Options.ttl: 0
2021/11/25-09:52:14.135502 66b4 [db\column_family.cc:474] --------------- Options for column family [Configuration]:
2021/11/25-09:52:14.135548 66b4               Options.comparator: leveldb.BytewiseComparator
2021/11/25-09:52:14.135569 66b4           Options.merge_operator: StringAppendOperator
2021/11/25-09:52:14.135587 66b4        Options.compaction_filter: None
2021/11/25-09:52:14.135606 66b4        Options.compaction_filter_factory: None
2021/11/25-09:52:14.135633 66b4         Options.memtable_factory: SkipListFactory
2021/11/25-09:52:14.135652 66b4            Options.table_factory: BlockBasedTable
2021/11/25-09:52:14.135704 66b4            table_factory options:   flush_block_policy_factory: FlushBlockBySizePolicyFactory (0000026355FB5740)
  cache_index_and_filter_blocks: 0
  cache_index_and_filter_blocks_with_high_priority: 1
  pin_l0_filter_and_index_blocks_in_cache: 1
  pin_top_level_index_and_filter: 1
  index_type: 2
  hash_index_allow_collision: 1
  checksum: 1
  no_block_cache: 0
  block_cache: 0000026357565210
  block_cache_name: LRUCache
  block_cache_options:
    capacity : 536870912
    num_shard_bits : 8
    strict_capacity_limit : 0
    memory_allocator : None
    high_pri_pool_ratio: 0.000
  block_cache_compressed: 0000000000000000
  persistent_cache: 0000000000000000
  block_size: 4096
  block_size_deviation: 10
  block_restart_interval: 16
  index_block_restart_interval: 1
  metadata_block_size: 8192
  partition_filters: 1
  use_delta_encoding: 1
  filter_policy: nullptr
  whole_key_filtering: 1
  verify_compression: 0
  read_amp_bytes_per_bit: 0
  format_version: 0
  enable_index_compression: 1
  block_align: 0
2021/11/25-09:52:14.135725 66b4        Options.write_buffer_size: 67108864
2021/11/25-09:52:14.135743 66b4  Options.max_write_buffer_number: 3
2021/11/25-09:52:14.135762 66b4          Options.compression: Snappy
2021/11/25-09:52:14.135780 66b4                  Options.bottommost_compression: Disabled
2021/11/25-09:52:14.135799 66b4       Options.prefix_extractor: rocksdb.FixedPrefix.8
2021/11/25-09:52:14.136064 66b4   Options.memtable_insert_with_hint_prefix_extractor: nullptr
2021/11/25-09:52:14.136098 66b4             Options.num_levels: 7
2021/11/25-09:52:14.136117 66b4        Options.min_write_buffer_number_to_merge: 1
2021/11/25-09:52:14.136135 66b4     Options.max_write_buffer_number_to_maintain: 0
2021/11/25-09:52:14.136154 66b4            Options.bottommost_compression_opts.window_bits: -14
2021/11/25-09:52:14.136173 66b4                  Options.bottommost_compression_opts.level: 32767
2021/11/25-09:52:14.136191 66b4               Options.bottommost_compression_opts.strategy: 0
2021/11/25-09:52:14.136210 66b4         Options.bottommost_compression_opts.max_dict_bytes: 0
2021/11/25-09:52:14.136229 66b4         Options.bottommost_compression_opts.zstd_max_train_bytes: 0
2021/11/25-09:52:14.136247 66b4                  Options.bottommost_compression_opts.enabled: false
2021/11/25-09:52:14.136266 66b4            Options.compression_opts.window_bits: -14
2021/11/25-09:52:14.136284 66b4                  Options.compression_opts.level: 32767
2021/11/25-09:52:14.136302 66b4               Options.compression_opts.strategy: 0
2021/11/25-09:52:14.136321 66b4         Options.compression_opts.max_dict_bytes: 0
2021/11/25-09:52:14.136339 66b4         Options.compression_opts.zstd_max_train_bytes: 0
2021/11/25-09:52:14.136357 66b4                  Options.compression_opts.enabled: false
2021/11/25-09:52:14.136376 66b4      Options.level0_file_num_compaction_trigger: 10
2021/11/25-09:52:14.136394 66b4          Options.level0_slowdown_writes_trigger: 20
2021/11/25-09:52:14.136412 66b4              Options.level0_stop_writes_trigger: 40
2021/11/25-09:52:14.136432 66b4                   Options.target_file_size_base: 67108864
2021/11/25-09:52:14.136451 66b4             Options.target_file_size_multiplier: 1
2021/11/25-09:52:14.136469 66b4                Options.max_bytes_for_level_base: 536870912
2021/11/25-09:52:14.136487 66b4 Options.level_compaction_dynamic_level_bytes: 0
2021/11/25-09:52:14.136506 66b4          Options.max_bytes_for_level_multiplier: 10.000000
2021/11/25-09:52:14.136527 66b4 Options.max_bytes_for_level_multiplier_addtl[0]: 1
2021/11/25-09:52:14.136545 66b4 Options.max_bytes_for_level_multiplier_addtl[1]: 1
2021/11/25-09:52:14.136564 66b4 Options.max_bytes_for_level_multiplier_addtl[2]: 1
2021/11/25-09:52:14.136582 66b4 Options.max_bytes_for_level_multiplier_addtl[3]: 1
2021/11/25-09:52:14.136601 66b4 Options.max_bytes_for_level_multiplier_addtl[4]: 1
2021/11/25-09:52:14.136622 66b4 Options.max_bytes_for_level_multiplier_addtl[5]: 1
2021/11/25-09:52:14.136640 66b4 Options.max_bytes_for_level_multiplier_addtl[6]: 1
2021/11/25-09:52:14.136658 66b4       Options.max_sequential_skip_in_iterations: 8
2021/11/25-09:52:14.136677 66b4                    Options.max_compaction_bytes: 1677721600
2021/11/25-09:52:14.136695 66b4                        Options.arena_block_size: 8388608
2021/11/25-09:52:14.136713 66b4   Options.soft_pending_compaction_bytes_limit: 68719476736
2021/11/25-09:52:14.136732 66b4   Options.hard_pending_compaction_bytes_limit: 274877906944
2021/11/25-09:52:14.136751 66b4       Options.rate_limit_delay_max_milliseconds: 100
2021/11/25-09:52:14.136769 66b4                Options.disable_auto_compactions: 0
2021/11/25-09:52:14.136790 66b4                        Options.compaction_style: kCompactionStyleLevel
2021/11/25-09:52:14.136809 66b4                          Options.compaction_pri: kByCompensatedSize
2021/11/25-09:52:14.136828 66b4 Options.compaction_options_universal.size_ratio: 1
2021/11/25-09:52:14.136846 66b4 Options.compaction_options_universal.min_merge_width: 2
2021/11/25-09:52:14.136865 66b4 Options.compaction_options_universal.max_merge_width: 4294967295
2021/11/25-09:52:14.136883 66b4 Options.compaction_options_universal.max_size_amplification_percent: 200
2021/11/25-09:52:14.136901 66b4 Options.compaction_options_universal.compression_size_percent: -1
2021/11/25-09:52:14.136921 66b4 Options.compaction_options_universal.stop_style: kCompactionStopStyleTotalSize
2021/11/25-09:52:14.136942 66b4 Options.compaction_options_fifo.max_table_files_size: 1073741824
2021/11/25-09:52:14.136962 66b4 Options.compaction_options_fifo.allow_compaction: 0
2021/11/25-09:52:14.136980 66b4 Options.compaction_options_fifo.ttl: 0
2021/11/25-09:52:14.136999 66b4                   Options.table_properties_collectors: 
2021/11/25-09:52:14.137017 66b4                   Options.inplace_update_support: 0
2021/11/25-09:52:14.137035 66b4                 Options.inplace_update_num_locks: 10000
2021/11/25-09:52:14.137054 66b4               Options.memtable_prefix_bloom_size_ratio: 0.125000
2021/11/25-09:52:14.137074 66b4   Options.memtable_huge_page_size: 0
2021/11/25-09:52:14.137092 66b4                           Options.bloom_locality: 0
2021/11/25-09:52:14.137111 66b4                    Options.max_successive_merges: 0
2021/11/25-09:52:14.137129 66b4                Options.optimize_filters_for_hits: 0
2021/11/25-09:52:14.137147 66b4                Options.paranoid_file_checks: 0
2021/11/25-09:52:14.137166 66b4                Options.force_consistency_checks: 1
2021/11/25-09:52:14.137184 66b4                Options.report_bg_io_stats: 0
2021/11/25-09:52:14.137203 66b4                               Options.ttl: 0
2021/11/25-09:52:14.143144 66b4 [db\version_set.cc:3724] Recovered from manifest file:D:\Developer\bishe\nacos\data\protocol\raft\naming_instance_metadata\log/MANIFEST-000064 succeeded,manifest_file_number is 64, next_file_number is 67, last_sequence is 1267, log_number is 0,prev_log_number is 0,max_column_family is 1,min_log_number_to_keep is 0
2021/11/25-09:52:14.143171 66b4 [db\version_set.cc:3732] Column family [default] (ID 0), log number is 63
2021/11/25-09:52:14.143181 66b4 [db\version_set.cc:3732] Column family [Configuration] (ID 1), log number is 63
2021/11/25-09:52:14.143564 66b4 EVENT_LOG_v1 {"time_micros": 1637805134143556, "job": 1, "event": "recovery_started", "log_files": [66]}
2021/11/25-09:52:14.143580 66b4 [db\db_impl_open.cc:578] Recovering log #66 mode 2
2021/11/25-09:52:14.146541 66b4 EVENT_LOG_v1 {"time_micros": 1637805134146520, "cf_name": "default", "job": 1, "event": "table_file_creation", "file_number": 67, "file_size": 747, "table_properties": {"data_size": 0, "index_size": 13, "filter_size": 0, "raw_key_size": 32, "raw_average_key_size": 0, "raw_value_size": 16, "raw_average_value_size": 0, "num_data_blocks": 0, "num_entries": 0, "filter_policy_name": ""}}
2021/11/25-09:52:14.149667 66b4 [db\version_set.cc:3037] Creating manifest 68
2021/11/25-09:52:14.157494 66b4 EVENT_LOG_v1 {"time_micros": 1637805134157476, "cf_name": "Configuration", "job": 1, "event": "table_file_creation", "file_number": 69, "file_size": 877, "table_properties": {"data_size": 44, "index_size": 49, "filter_size": 0, "raw_key_size": 58, "raw_average_key_size": 58, "raw_value_size": 24, "raw_average_value_size": 24, "num_data_blocks": 1, "num_entries": 1, "filter_policy_name": ""}}
2021/11/25-09:52:14.161960 66b4 EVENT_LOG_v1 {"time_micros": 1637805134161950, "job": 1, "event": "recovery_finished"}
2021/11/25-09:52:14.171013 66b4 [db\db_impl_open.cc:1314] DB pointer 000002635606B030
2021/11/25-09:52:14.171470 4c70 [WARN] [db\db_impl.cc:669] ------- DUMPING STATS -------
2021/11/25-09:52:14.171499 4c70 [WARN] [db\db_impl.cc:670] 
** DB Stats **
Uptime(secs): 0.0 total, 0.0 interval
Cumulative writes: 0 writes, 0 keys, 0 commit groups, 0.0 writes per commit group, ingest: 0.00 GB, 0.00 MB/s
Cumulative WAL: 0 writes, 0 syncs, 0.00 writes per sync, written: 0.00 GB, 0.00 MB/s
Cumulative stall: 00:00:0.000 H:M:S, 0.0 percent
Interval writes: 0 writes, 0 keys, 0 commit groups, 0.0 writes per commit group, ingest: 0.00 MB, 0.00 MB/s
Interval WAL: 0 writes, 0 syncs, 0.00 writes per sync, written: 0.00 MB, 0.00 MB/s
Interval stall: 00:00:0.000 H:M:S, 0.0 percent

** Compaction Stats [default] **
Level    Files   Size     Score Read(GB)  Rn(GB) Rnp1(GB) Write(GB) Wnew(GB) Moved(GB) W-Amp Rd(MB/s) Wr(MB/s) Comp(sec) Comp(cnt) Avg(sec) KeyIn KeyDrop
----------------------------------------------------------------------------------------------------------------------------------------------------------
  L0      5/0    3.65 KB   0.5      0.0     0.0      0.0       0.0      0.0       0.0   1.0      0.0      0.3         0         1    0.002       0      0
 Sum      5/0    3.65 KB   0.0      0.0     0.0      0.0       0.0      0.0       0.0   1.0      0.0      0.3         0         1    0.002       0      0
 Int      0/0    0.00 KB   0.0      0.0     0.0      0.0       0.0      0.0       0.0   1.0      0.0      0.3         0         1    0.002       0      0
Uptime(secs): 0.0 total, 0.0 interval
Flush(GB): cumulative 0.000, interval 0.000
AddFile(GB): cumulative 0.000, interval 0.000
AddFile(Total Files): cumulative 0, interval 0
AddFile(L0 Files): cumulative 0, interval 0
AddFile(Keys): cumulative 0, interval 0
Cumulative compaction: 0.00 GB write, 0.02 MB/s write, 0.00 GB read, 0.00 MB/s read, 0.0 seconds
Interval compaction: 0.00 GB write, 0.02 MB/s write, 0.00 GB read, 0.00 MB/s read, 0.0 seconds
Stalls(count): 0 level0_slowdown, 0 level0_slowdown_with_compaction, 0 level0_numfiles, 0 level0_numfiles_with_compaction, 0 stop for pending_compaction_bytes, 0 slowdown for pending_compaction_bytes, 0 memtable_compaction, 0 memtable_slowdown, interval 0 total count

** File Read Latency Histogram By Level [default] **
** Level 0 read latency histogram (micros):
Count: 25 Average: 49.3200  StdDev: 100.08
Min: 2  Median: 3.7500  Max: 367
Percentiles: P50: 3.75 P75: 8.33 P99: 363.75 P99.9: 367.00 P99.99: 367.00
------------------------------------------------------
(       1,       2 ]        5  20.000%  20.000% ####
(       2,       3 ]        3  12.000%  32.000% ##
(       3,       4 ]        6  24.000%  56.000% #####
(       4,       6 ]        3  12.000%  68.000% ##
(       6,      10 ]        3  12.000%  80.000% ##
(      51,      76 ]        1   4.000%  84.000% #
(     170,     250 ]        2   8.000%  92.000% ##
(     250,     380 ]        2   8.000% 100.000% ##


** Compaction Stats [Configuration] **
Level    Files   Size     Score Read(GB)  Rn(GB) Rnp1(GB) Write(GB) Wnew(GB) Moved(GB) W-Amp Rd(MB/s) Wr(MB/s) Comp(sec) Comp(cnt) Avg(sec) KeyIn KeyDrop
----------------------------------------------------------------------------------------------------------------------------------------------------------
  L0      5/0    4.28 KB   0.5      0.0     0.0      0.0       0.0      0.0       0.0   1.0      0.0      0.4         0         1    0.002       0      0
  L1      1/0    0.76 KB   0.0      0.0     0.0      0.0       0.0      0.0       0.0   0.0      0.0      0.0         0         0    0.000       0      0
 Sum      6/0    5.04 KB   0.0      0.0     0.0      0.0       0.0      0.0       0.0   1.0      0.0      0.4         0         1    0.002       0      0
 Int      0/0    0.00 KB   0.0      0.0     0.0      0.0       0.0      0.0       0.0   1.0      0.0      0.4         0         1    0.002       0      0
Uptime(secs): 0.0 total, 0.0 interval
Flush(GB): cumulative 0.000, interval 0.000
AddFile(GB): cumulative 0.000, interval 0.000
AddFile(Total Files): cumulative 0, interval 0
AddFile(L0 Files): cumulative 0, interval 0
AddFile(Keys): cumulative 0, interval 0
Cumulative compaction: 0.00 GB write, 0.02 MB/s write, 0.00 GB read, 0.00 MB/s read, 0.0 seconds
Interval compaction: 0.00 GB write, 0.02 MB/s write, 0.00 GB read, 0.00 MB/s read, 0.0 seconds
Stalls(count): 0 level0_slowdown, 0 level0_slowdown_with_compaction, 0 level0_numfiles, 0 level0_numfiles_with_compaction, 0 stop for pending_compaction_bytes, 0 slowdown for pending_compaction_bytes, 0 memtable_compaction, 0 memtable_slowdown, interval 0 total count

** File Read Latency Histogram By Level [Configuration] **
** Level 0 read latency histogram (micros):
Count: 35 Average: 28.7429  StdDev: 62.18
Min: 1  Median: 2.5000  Max: 257
Percentiles: P50: 2.50 P75: 5.25 P99: 257.00 P99.9: 257.00 P99.99: 257.00
------------------------------------------------------
[       0,       1 ]        2   5.714%   5.714% #
(       1,       2 ]       13  37.143%  42.857% #######
(       2,       3 ]        5  14.286%  57.143% ###
(       3,       4 ]        5  14.286%  71.429% ###
(       4,       6 ]        2   5.714%  77.143% #
(      15,      22 ]        1   2.857%  80.000% #
(      34,      51 ]        3   8.571%  88.571% ##
(     110,     170 ]        2   5.714%  94.286% #
(     170,     250 ]        1   2.857%  97.143% #
(     250,     380 ]        1   2.857% 100.000% #

** Level 1 read latency histogram (micros):
Count: 6 Average: 30.6667  StdDev: 52.66
Min: 1  Median: 3.0000  Max: 147
Percentiles: P50: 3.00 P75: 28.00 P99: 147.00 P99.9: 147.00 P99.99: 147.00
------------------------------------------------------
[       0,       1 ]        1  16.667%  16.667% ###
(       2,       3 ]        2  33.333%  50.000% #######
(       4,       6 ]        1  16.667%  66.667% ###
(      22,      34 ]        1  16.667%  83.333% ###
(     110,     170 ]        1  16.667% 100.000% ###


** Compaction Stats [default] **
Level    Files   Size     Score Read(GB)  Rn(GB) Rnp1(GB) Write(GB) Wnew(GB) Moved(GB) W-Amp Rd(MB/s) Wr(MB/s) Comp(sec) Comp(cnt) Avg(sec) KeyIn KeyDrop
----------------------------------------------------------------------------------------------------------------------------------------------------------
  L0      5/0    3.65 KB   0.5      0.0     0.0      0.0       0.0      0.0       0.0   1.0      0.0      0.3         0         1    0.002       0      0
 Sum      5/0    3.65 KB   0.0      0.0     0.0      0.0       0.0      0.0       0.0   1.0      0.0      0.3         0         1    0.002       0      0
 Int      0/0    0.00 KB   0.0      0.0     0.0      0.0       0.0      0.0       0.0   0.0      0.0      0.0         0         0    0.000       0      0
Uptime(secs): 0.0 total, 0.0 interval
Flush(GB): cumulative 0.000, interval 0.000
AddFile(GB): cumulative 0.000, interval 0.000
AddFile(Total Files): cumulative 0, interval 0
AddFile(L0 Files): cumulative 0, interval 0
AddFile(Keys): cumulative 0, interval 0
Cumulative compaction: 0.00 GB write, 0.02 MB/s write, 0.00 GB read, 0.00 MB/s read, 0.0 seconds
Interval compaction: 0.00 GB write, 0.00 MB/s write, 0.00 GB read, 0.00 MB/s read, 0.0 seconds
Stalls(count): 0 level0_slowdown, 0 level0_slowdown_with_compaction, 0 level0_numfiles, 0 level0_numfiles_with_compaction, 0 stop for pending_compaction_bytes, 0 slowdown for pending_compaction_bytes, 0 memtable_compaction, 0 memtable_slowdown, interval 0 total count

** File Read Latency Histogram By Level [default] **
** Level 0 read latency histogram (micros):
Count: 25 Average: 49.3200  StdDev: 100.08
Min: 2  Median: 3.7500  Max: 367
Percentiles: P50: 3.75 P75: 8.33 P99: 363.75 P99.9: 367.00 P99.99: 367.00
------------------------------------------------------
(       1,       2 ]        5  20.000%  20.000% ####
(       2,       3 ]        3  12.000%  32.000% ##
(       3,       4 ]        6  24.000%  56.000% #####
(       4,       6 ]        3  12.000%  68.000% ##
(       6,      10 ]        3  12.000%  80.000% ##
(      51,      76 ]        1   4.000%  84.000% #
(     170,     250 ]        2   8.000%  92.000% ##
(     250,     380 ]        2   8.000% 100.000% ##


** Compaction Stats [Configuration] **
Level    Files   Size     Score Read(GB)  Rn(GB) Rnp1(GB) Write(GB) Wnew(GB) Moved(GB) W-Amp Rd(MB/s) Wr(MB/s) Comp(sec) Comp(cnt) Avg(sec) KeyIn KeyDrop
----------------------------------------------------------------------------------------------------------------------------------------------------------
  L0      5/0    4.28 KB   0.5      0.0     0.0      0.0       0.0      0.0       0.0   1.0      0.0      0.4         0         1    0.002       0      0
  L1      1/0    0.76 KB   0.0      0.0     0.0      0.0       0.0      0.0       0.0   0.0      0.0      0.0         0         0    0.000       0      0
 Sum      6/0    5.04 KB   0.0      0.0     0.0      0.0       0.0      0.0       0.0   1.0      0.0      0.4         0         1    0.002       0      0
 Int      0/0    0.00 KB   0.0      0.0     0.0      0.0       0.0      0.0       0.0   0.0      0.0      0.0         0         0    0.000       0      0
Uptime(secs): 0.0 total, 0.0 interval
Flush(GB): cumulative 0.000, interval 0.000
AddFile(GB): cumulative 0.000, interval 0.000
AddFile(Total Files): cumulative 0, interval 0
AddFile(L0 Files): cumulative 0, interval 0
AddFile(Keys): cumulative 0, interval 0
Cumulative compaction: 0.00 GB write, 0.02 MB/s write, 0.00 GB read, 0.00 MB/s read, 0.0 seconds
Interval compaction: 0.00 GB write, 0.00 MB/s write, 0.00 GB read, 0.00 MB/s read, 0.0 seconds
Stalls(count): 0 level0_slowdown, 0 level0_slowdown_with_compaction, 0 level0_numfiles, 0 level0_numfiles_with_compaction, 0 stop for pending_compaction_bytes, 0 slowdown for pending_compaction_bytes, 0 memtable_compaction, 0 memtable_slowdown, interval 0 total count

** File Read Latency Histogram By Level [Configuration] **
** Level 0 read latency histogram (micros):
Count: 35 Average: 28.7429  StdDev: 62.18
Min: 1  Median: 2.5000  Max: 257
Percentiles: P50: 2.50 P75: 5.25 P99: 257.00 P99.9: 257.00 P99.99: 257.00
------------------------------------------------------
[       0,       1 ]        2   5.714%   5.714% #
(       1,       2 ]       13  37.143%  42.857% #######
(       2,       3 ]        5  14.286%  57.143% ###
(       3,       4 ]        5  14.286%  71.429% ###
(       4,       6 ]        2   5.714%  77.143% #
(      15,      22 ]        1   2.857%  80.000% #
(      34,      51 ]        3   8.571%  88.571% ##
(     110,     170 ]        2   5.714%  94.286% #
(     170,     250 ]        1   2.857%  97.143% #
(     250,     380 ]        1   2.857% 100.000% #

** Level 1 read latency histogram (micros):
Count: 6 Average: 30.6667  StdDev: 52.66
Min: 1  Median: 3.0000  Max: 147
Percentiles: P50: 3.00 P75: 28.00 P99: 147.00 P99.9: 147.00 P99.99: 147.00
------------------------------------------------------
[       0,       1 ]        1  16.667%  16.667% ###
(       2,       3 ]        2  33.333%  50.000% #######
(       4,       6 ]        1  16.667%  66.667% ###
(      22,      34 ]        1  16.667%  83.333% ###
(     110,     170 ]        1  16.667% 100.000% ###

2021/11/25-09:52:14.172038 4c70 [WARN] [db\db_impl.cc:617] STATISTICS:
 rocksdb.block.cache.miss COUNT : 22
rocksdb.block.cache.hit COUNT : 5
rocksdb.block.cache.add COUNT : 22
rocksdb.block.cache.add.failures COUNT : 0
rocksdb.block.cache.index.miss COUNT : 6
rocksdb.block.cache.index.hit COUNT : 5
rocksdb.block.cache.index.add COUNT : 6
rocksdb.block.cache.index.bytes.insert COUNT : 612
rocksdb.block.cache.index.bytes.evict COUNT : 0
rocksdb.block.cache.filter.miss COUNT : 0
rocksdb.block.cache.filter.hit COUNT : 0
rocksdb.block.cache.filter.add COUNT : 0
rocksdb.block.cache.filter.bytes.insert COUNT : 0
rocksdb.block.cache.filter.bytes.evict COUNT : 0
rocksdb.block.cache.data.miss COUNT : 16
rocksdb.block.cache.data.hit COUNT : 0
rocksdb.block.cache.data.add COUNT : 16
rocksdb.block.cache.data.bytes.insert COUNT : 2210
rocksdb.block.cache.bytes.read COUNT : 510
rocksdb.block.cache.bytes.write COUNT : 2822
rocksdb.bloom.filter.useful COUNT : 0
rocksdb.bloom.filter.full.positive COUNT : 0
rocksdb.bloom.filter.full.true.positive COUNT : 0
rocksdb.persistent.cache.hit COUNT : 0
rocksdb.persistent.cache.miss COUNT : 0
rocksdb.sim.block.cache.hit COUNT : 0
rocksdb.sim.block.cache.miss COUNT : 0
rocksdb.memtable.hit COUNT : 0
rocksdb.memtable.miss COUNT : 0
rocksdb.l0.hit COUNT : 0
rocksdb.l1.hit COUNT : 0
rocksdb.l2andup.hit COUNT : 0
rocksdb.compaction.key.drop.new COUNT : 0
rocksdb.compaction.key.drop.obsolete COUNT : 0
rocksdb.compaction.key.drop.range_del COUNT : 0
rocksdb.compaction.key.drop.user COUNT : 0
rocksdb.compaction.range_del.drop.obsolete COUNT : 0
rocksdb.compaction.optimized.del.drop.obsolete COUNT : 0
rocksdb.compaction.cancelled COUNT : 0
rocksdb.number.keys.written COUNT : 0
rocksdb.number.keys.read COUNT : 0
rocksdb.number.keys.updated COUNT : 0
rocksdb.bytes.written COUNT : 0
rocksdb.bytes.read COUNT : 0
rocksdb.number.db.seek COUNT : 2
rocksdb.number.db.next COUNT : 1
rocksdb.number.db.prev COUNT : 0
rocksdb.number.db.seek.found COUNT : 1
rocksdb.number.db.next.found COUNT : 0
rocksdb.number.db.prev.found COUNT : 0
rocksdb.db.iter.bytes.read COUNT : 26
rocksdb.no.file.closes COUNT : 0
rocksdb.no.file.opens COUNT : 11
rocksdb.no.file.errors COUNT : 0
rocksdb.l0.slowdown.micros COUNT : 0
rocksdb.memtable.compaction.micros COUNT : 0
rocksdb.l0.num.files.stall.micros COUNT : 0
rocksdb.stall.micros COUNT : 0
rocksdb.db.mutex.wait.micros COUNT : 0
rocksdb.rate.limit.delay.millis COUNT : 0
rocksdb.num.iterators COUNT : 0
rocksdb.number.multiget.get COUNT : 0
rocksdb.number.multiget.keys.read COUNT : 0
rocksdb.number.multiget.bytes.read COUNT : 0
rocksdb.number.deletes.filtered COUNT : 0
rocksdb.number.merge.failures COUNT : 0
rocksdb.bloom.filter.prefix.checked COUNT : 0
rocksdb.bloom.filter.prefix.useful COUNT : 0
rocksdb.number.reseeks.iteration COUNT : 0
rocksdb.getupdatessince.calls COUNT : 0
rocksdb.block.cachecompressed.miss COUNT : 0
rocksdb.block.cachecompressed.hit COUNT : 0
rocksdb.block.cachecompressed.add COUNT : 0
rocksdb.block.cachecompressed.add.failures COUNT : 0
rocksdb.wal.synced COUNT : 0
rocksdb.wal.bytes COUNT : 0
rocksdb.write.self COUNT : 1
rocksdb.write.other COUNT : 0
rocksdb.write.timeout COUNT : 0
rocksdb.write.wal COUNT : 1
rocksdb.compact.read.bytes COUNT : 0
rocksdb.compact.write.bytes COUNT : 1624
rocksdb.flush.write.bytes COUNT : 0
rocksdb.number.direct.load.table.properties COUNT : 0
rocksdb.number.superversion_acquires COUNT : 2
rocksdb.number.superversion_releases COUNT : 0
rocksdb.number.superversion_cleanups COUNT : 0
rocksdb.number.block.compressed COUNT : 1
rocksdb.number.block.decompressed COUNT : 6
rocksdb.number.block.not_compressed COUNT : 0
rocksdb.merge.operation.time.nanos COUNT : 0
rocksdb.filter.operation.time.nanos COUNT : 0
rocksdb.row.cache.hit COUNT : 0
rocksdb.row.cache.miss COUNT : 0
rocksdb.read.amp.estimate.useful.bytes COUNT : 0
rocksdb.read.amp.total.read.bytes COUNT : 0
rocksdb.number.rate_limiter.drains COUNT : 0
rocksdb.number.iter.skip COUNT : 5
rocksdb.blobdb.num.put COUNT : 0
rocksdb.blobdb.num.write COUNT : 0
rocksdb.blobdb.num.get COUNT : 0
rocksdb.blobdb.num.multiget COUNT : 0
rocksdb.blobdb.num.seek COUNT : 0
rocksdb.blobdb.num.next COUNT : 0
rocksdb.blobdb.num.prev COUNT : 0
rocksdb.blobdb.num.keys.written COUNT : 0
rocksdb.blobdb.num.keys.read COUNT : 0
rocksdb.blobdb.bytes.written COUNT : 0
rocksdb.blobdb.bytes.read COUNT : 0
rocksdb.blobdb.write.inlined COUNT : 0
rocksdb.blobdb.write.inlined.ttl COUNT : 0
rocksdb.blobdb.write.blob COUNT : 0
rocksdb.blobdb.write.blob.ttl COUNT : 0
rocksdb.blobdb.blob.file.bytes.written COUNT : 0
rocksdb.blobdb.blob.file.bytes.read COUNT : 0
rocksdb.blobdb.blob.file.synced COUNT : 0
rocksdb.blobdb.blob.index.expired.count COUNT : 0
rocksdb.blobdb.blob.index.expired.size COUNT : 0
rocksdb.blobdb.blob.index.evicted.count COUNT : 0
rocksdb.blobdb.blob.index.evicted.size COUNT : 0
rocksdb.blobdb.gc.num.files COUNT : 0
rocksdb.blobdb.gc.num.new.files COUNT : 0
rocksdb.blobdb.gc.failures COUNT : 0
rocksdb.blobdb.gc.num.keys.overwritten COUNT : 0
rocksdb.blobdb.gc.num.keys.expired COUNT : 0
