2022/02/28-21:15:37.168860 d854 RocksDB version: 5.18.4
2022/02/28-21:15:37.168960 d854 Git sha rocksdb_build_git_sha:@b9a4a10659969c71e6f6eab4e4bae8c36ede919f@
2022/02/28-21:15:37.169053 d854 Compile date Mar 11 2020
2022/02/28-21:15:37.169074 d854 DB SUMMARY
2022/02/28-21:15:37.169685 d854 CURRENT file:  CURRENT
2022/02/28-21:15:37.169719 d854 IDENTITY file:  IDENTITY
2022/02/28-21:15:37.170050 d854 MANIFEST file:  MANIFEST-000199 size: 610 Bytes
2022/02/28-21:15:37.170077 d854 SST files in D:\Developer\bishe\nacos\data\protocol\raft\naming_instance_metadata\log dir, Total Num: 9, files: 000184.sst 000186.sst 000188.sst 000190.sst 000192.sst 000194.sst 000196.sst 000198.sst 000200.sst 
2022/02/28-21:15:37.170114 d854 Write Ahead Log file in D:\Developer\bishe\nacos\data\protocol\raft\naming_instance_metadata\log: 000201.log size: 2077 ; 
2022/02/28-21:15:37.170219 d854                         Options.error_if_exists: 0
2022/02/28-21:15:37.170233 d854                       Options.create_if_missing: 1
2022/02/28-21:15:37.170263 d854                         Options.paranoid_checks: 1
2022/02/28-21:15:37.170273 d854                                     Options.env: 000002926E4E1550
2022/02/28-21:15:37.170282 d854                                Options.info_log: 000002926A3544F0
2022/02/28-21:15:37.170291 d854                Options.max_file_opening_threads: 16
2022/02/28-21:15:37.170300 d854                              Options.statistics: 000002926E1DA4E0
2022/02/28-21:15:37.170309 d854                               Options.use_fsync: 0
2022/02/28-21:15:37.170318 d854                       Options.max_log_file_size: 0
2022/02/28-21:15:37.170334 d854                  Options.max_manifest_file_size: 1073741824
2022/02/28-21:15:37.170343 d854                   Options.log_file_time_to_roll: 0
2022/02/28-21:15:37.170352 d854                       Options.keep_log_file_num: 1000
2022/02/28-21:15:37.170361 d854                    Options.recycle_log_file_num: 0
2022/02/28-21:15:37.170369 d854                         Options.allow_fallocate: 1
2022/02/28-21:15:37.170379 d854                        Options.allow_mmap_reads: 0
2022/02/28-21:15:37.170387 d854                       Options.allow_mmap_writes: 0
2022/02/28-21:15:37.170402 d854                        Options.use_direct_reads: 0
2022/02/28-21:15:37.170411 d854                        Options.use_direct_io_for_flush_and_compaction: 0
2022/02/28-21:15:37.170420 d854          Options.create_missing_column_families: 1
2022/02/28-21:15:37.170428 d854                              Options.db_log_dir: 
2022/02/28-21:15:37.170437 d854                                 Options.wal_dir: D:\Developer\bishe\nacos\data\protocol\raft\naming_instance_metadata\log
2022/02/28-21:15:37.170447 d854                Options.table_cache_numshardbits: 6
2022/02/28-21:15:37.170456 d854                      Options.max_subcompactions: 1
2022/02/28-21:15:37.170480 d854                  Options.max_background_flushes: 1
2022/02/28-21:15:37.170490 d854                         Options.WAL_ttl_seconds: 0
2022/02/28-21:15:37.170499 d854                       Options.WAL_size_limit_MB: 0
2022/02/28-21:15:37.170507 d854             Options.manifest_preallocation_size: 4194304
2022/02/28-21:15:37.170516 d854                     Options.is_fd_close_on_exec: 1
2022/02/28-21:15:37.170525 d854                   Options.advise_random_on_open: 1
2022/02/28-21:15:37.170533 d854                    Options.db_write_buffer_size: 0
2022/02/28-21:15:37.170597 d854                    Options.write_buffer_manager: 000002926D05C4B0
2022/02/28-21:15:37.170609 d854         Options.access_hint_on_compaction_start: 1
2022/02/28-21:15:37.170618 d854  Options.new_table_reader_for_compaction_inputs: 0
2022/02/28-21:15:37.170626 d854           Options.random_access_max_buffer_size: 1048576
2022/02/28-21:15:37.170635 d854                      Options.use_adaptive_mutex: 0
2022/02/28-21:15:37.170644 d854                            Options.rate_limiter: 0000000000000000
2022/02/28-21:15:37.170653 d854     Options.sst_file_manager.rate_bytes_per_sec: 0
2022/02/28-21:15:37.170710 d854                       Options.wal_recovery_mode: 2
2022/02/28-21:15:37.170720 d854                  Options.enable_thread_tracking: 0
2022/02/28-21:15:37.170729 d854                  Options.enable_pipelined_write: 0
2022/02/28-21:15:37.170756 d854         Options.allow_concurrent_memtable_write: 1
2022/02/28-21:15:37.170766 d854      Options.enable_write_thread_adaptive_yield: 1
2022/02/28-21:15:37.170775 d854             Options.write_thread_max_yield_usec: 100
2022/02/28-21:15:37.170784 d854            Options.write_thread_slow_yield_usec: 3
2022/02/28-21:15:37.170792 d854                               Options.row_cache: None
2022/02/28-21:15:37.170801 d854                              Options.wal_filter: None
2022/02/28-21:15:37.170810 d854             Options.avoid_flush_during_recovery: 0
2022/02/28-21:15:37.170832 d854             Options.allow_ingest_behind: 0
2022/02/28-21:15:37.170842 d854             Options.preserve_deletes: 0
2022/02/28-21:15:37.170851 d854             Options.two_write_queues: 0
2022/02/28-21:15:37.170859 d854             Options.manual_wal_flush: 0
2022/02/28-21:15:37.170868 d854             Options.max_background_jobs: 2
2022/02/28-21:15:37.170877 d854             Options.max_background_compactions: 4
2022/02/28-21:15:37.170886 d854             Options.avoid_flush_during_shutdown: 0
2022/02/28-21:15:37.170911 d854           Options.writable_file_max_buffer_size: 1048576
2022/02/28-21:15:37.170922 d854             Options.delayed_write_rate : 16777216
2022/02/28-21:15:37.170930 d854             Options.max_total_wal_size: 0
2022/02/28-21:15:37.170939 d854             Options.delete_obsolete_files_period_micros: 21600000000
2022/02/28-21:15:37.170948 d854                   Options.stats_dump_period_sec: 600
2022/02/28-21:15:37.170957 d854                          Options.max_open_files: -1
2022/02/28-21:15:37.170965 d854                          Options.bytes_per_sync: 0
2022/02/28-21:15:37.170990 d854                      Options.wal_bytes_per_sync: 0
2022/02/28-21:15:37.171000 d854       Options.compaction_readahead_size: 0
2022/02/28-21:15:37.171009 d854 Compression algorithms supported:
2022/02/28-21:15:37.171018 d854 	kZSTD supported: 1
2022/02/28-21:15:37.171027 d854 	kSnappyCompression supported: 1
2022/02/28-21:15:37.171035 d854 	kBZip2Compression supported: 0
2022/02/28-21:15:37.171044 d854 	kZlibCompression supported: 1
2022/02/28-21:15:37.171060 d854 	kLZ4Compression supported: 1
2022/02/28-21:15:37.171069 d854 	kXpressCompression supported: 0
2022/02/28-21:15:37.171078 d854 	kLZ4HCCompression supported: 1
2022/02/28-21:15:37.171086 d854 	kZSTDNotFinalCompression supported: 1
2022/02/28-21:15:37.171097 d854 Fast CRC32 supported: Supported on x86
2022/02/28-21:15:37.173932 d854 [db\version_set.cc:3508] Recovering from manifest file: MANIFEST-000199
2022/02/28-21:15:37.174313 d854 [db\column_family.cc:474] --------------- Options for column family [default]:
2022/02/28-21:15:37.174327 d854               Options.comparator: leveldb.BytewiseComparator
2022/02/28-21:15:37.174337 d854           Options.merge_operator: StringAppendOperator
2022/02/28-21:15:37.174354 d854        Options.compaction_filter: None
2022/02/28-21:15:37.174363 d854        Options.compaction_filter_factory: None
2022/02/28-21:15:37.174371 d854         Options.memtable_factory: SkipListFactory
2022/02/28-21:15:37.174380 d854            Options.table_factory: BlockBasedTable
2022/02/28-21:15:37.174406 d854            table_factory options:   flush_block_policy_factory: FlushBlockBySizePolicyFactory (000002926D40F230)
  cache_index_and_filter_blocks: 0
  cache_index_and_filter_blocks_with_high_priority: 1
  pin_l0_filter_and_index_blocks_in_cache: 1
  pin_top_level_index_and_filter: 1
  index_type: 2
  hash_index_allow_collision: 1
  checksum: 1
  no_block_cache: 0
  block_cache: 000002926CE73360
  block_cache_name: LRUCache
  block_cache_options:
    capacity : 536870912
    num_shard_bits : 8
    strict_capacity_limit : 0
    memory_allocator : None
    high_pri_pool_ratio: 0.000
  block_cache_compressed: 0000000000000000
  persistent_cache: 0000000000000000
  block_size: 4096
  block_size_deviation: 10
  block_restart_interval: 16
  index_block_restart_interval: 1
  metadata_block_size: 8192
  partition_filters: 1
  use_delta_encoding: 1
  filter_policy: nullptr
  whole_key_filtering: 1
  verify_compression: 0
  read_amp_bytes_per_bit: 0
  format_version: 0
  enable_index_compression: 1
  block_align: 0
2022/02/28-21:15:37.174470 d854        Options.write_buffer_size: 67108864
2022/02/28-21:15:37.174480 d854  Options.max_write_buffer_number: 3
2022/02/28-21:15:37.174503 d854          Options.compression: Snappy
2022/02/28-21:15:37.174513 d854                  Options.bottommost_compression: Disabled
2022/02/28-21:15:37.174522 d854       Options.prefix_extractor: rocksdb.FixedPrefix.8
2022/02/28-21:15:37.174531 d854   Options.memtable_insert_with_hint_prefix_extractor: nullptr
2022/02/28-21:15:37.174539 d854             Options.num_levels: 7
2022/02/28-21:15:37.174548 d854        Options.min_write_buffer_number_to_merge: 1
2022/02/28-21:15:37.174557 d854     Options.max_write_buffer_number_to_maintain: 0
2022/02/28-21:15:37.174660 d854            Options.bottommost_compression_opts.window_bits: -14
2022/02/28-21:15:37.174670 d854                  Options.bottommost_compression_opts.level: 32767
2022/02/28-21:15:37.174679 d854               Options.bottommost_compression_opts.strategy: 0
2022/02/28-21:15:37.174688 d854         Options.bottommost_compression_opts.max_dict_bytes: 0
2022/02/28-21:15:37.174697 d854         Options.bottommost_compression_opts.zstd_max_train_bytes: 0
2022/02/28-21:15:37.174705 d854                  Options.bottommost_compression_opts.enabled: false
2022/02/28-21:15:37.174714 d854            Options.compression_opts.window_bits: -14
2022/02/28-21:15:37.174731 d854                  Options.compression_opts.level: 32767
2022/02/28-21:15:37.174740 d854               Options.compression_opts.strategy: 0
2022/02/28-21:15:37.174749 d854         Options.compression_opts.max_dict_bytes: 0
2022/02/28-21:15:37.174758 d854         Options.compression_opts.zstd_max_train_bytes: 0
2022/02/28-21:15:37.174766 d854                  Options.compression_opts.enabled: false
2022/02/28-21:15:37.174775 d854      Options.level0_file_num_compaction_trigger: 10
2022/02/28-21:15:37.174784 d854          Options.level0_slowdown_writes_trigger: 20
2022/02/28-21:15:37.174799 d854              Options.level0_stop_writes_trigger: 40
2022/02/28-21:15:37.174808 d854                   Options.target_file_size_base: 67108864
2022/02/28-21:15:37.174816 d854             Options.target_file_size_multiplier: 1
2022/02/28-21:15:37.174825 d854                Options.max_bytes_for_level_base: 536870912
2022/02/28-21:15:37.174834 d854 Options.level_compaction_dynamic_level_bytes: 0
2022/02/28-21:15:37.174843 d854          Options.max_bytes_for_level_multiplier: 10.000000
2022/02/28-21:15:37.174874 d854 Options.max_bytes_for_level_multiplier_addtl[0]: 1
2022/02/28-21:15:37.174885 d854 Options.max_bytes_for_level_multiplier_addtl[1]: 1
2022/02/28-21:15:37.174893 d854 Options.max_bytes_for_level_multiplier_addtl[2]: 1
2022/02/28-21:15:37.174902 d854 Options.max_bytes_for_level_multiplier_addtl[3]: 1
2022/02/28-21:15:37.174911 d854 Options.max_bytes_for_level_multiplier_addtl[4]: 1
2022/02/28-21:15:37.174919 d854 Options.max_bytes_for_level_multiplier_addtl[5]: 1
2022/02/28-21:15:37.174928 d854 Options.max_bytes_for_level_multiplier_addtl[6]: 1
2022/02/28-21:15:37.174946 d854       Options.max_sequential_skip_in_iterations: 8
2022/02/28-21:15:37.174955 d854                    Options.max_compaction_bytes: 1677721600
2022/02/28-21:15:37.174963 d854                        Options.arena_block_size: 8388608
2022/02/28-21:15:37.174972 d854   Options.soft_pending_compaction_bytes_limit: 68719476736
2022/02/28-21:15:37.174981 d854   Options.hard_pending_compaction_bytes_limit: 274877906944
2022/02/28-21:15:37.174990 d854       Options.rate_limit_delay_max_milliseconds: 100
2022/02/28-21:15:37.174998 d854                Options.disable_auto_compactions: 0
2022/02/28-21:15:37.175020 d854                        Options.compaction_style: kCompactionStyleLevel
2022/02/28-21:15:37.175030 d854                          Options.compaction_pri: kByCompensatedSize
2022/02/28-21:15:37.175039 d854 Options.compaction_options_universal.size_ratio: 1
2022/02/28-21:15:37.175048 d854 Options.compaction_options_universal.min_merge_width: 2
2022/02/28-21:15:37.175056 d854 Options.compaction_options_universal.max_merge_width: 4294967295
2022/02/28-21:15:37.175065 d854 Options.compaction_options_universal.max_size_amplification_percent: 200
2022/02/28-21:15:37.175074 d854 Options.compaction_options_universal.compression_size_percent: -1
2022/02/28-21:15:37.175167 d854 Options.compaction_options_universal.stop_style: kCompactionStopStyleTotalSize
2022/02/28-21:15:37.175177 d854 Options.compaction_options_fifo.max_table_files_size: 1073741824
2022/02/28-21:15:37.175186 d854 Options.compaction_options_fifo.allow_compaction: 0
2022/02/28-21:15:37.175195 d854 Options.compaction_options_fifo.ttl: 0
2022/02/28-21:15:37.175204 d854                   Options.table_properties_collectors: 
2022/02/28-21:15:37.175212 d854                   Options.inplace_update_support: 0
2022/02/28-21:15:37.175221 d854                 Options.inplace_update_num_locks: 10000
2022/02/28-21:15:37.175332 d854               Options.memtable_prefix_bloom_size_ratio: 0.125000
2022/02/28-21:15:37.175343 d854   Options.memtable_huge_page_size: 0
2022/02/28-21:15:37.175351 d854                           Options.bloom_locality: 0
2022/02/28-21:15:37.175360 d854                    Options.max_successive_merges: 0
2022/02/28-21:15:37.175369 d854                Options.optimize_filters_for_hits: 0
2022/02/28-21:15:37.175378 d854                Options.paranoid_file_checks: 0
2022/02/28-21:15:37.175386 d854                Options.force_consistency_checks: 1
2022/02/28-21:15:37.175500 d854                Options.report_bg_io_stats: 0
2022/02/28-21:15:37.175511 d854                               Options.ttl: 0
2022/02/28-21:15:37.177811 d854 [db\column_family.cc:474] --------------- Options for column family [Configuration]:
2022/02/28-21:15:37.177840 d854               Options.comparator: leveldb.BytewiseComparator
2022/02/28-21:15:37.177850 d854           Options.merge_operator: StringAppendOperator
2022/02/28-21:15:37.177859 d854        Options.compaction_filter: None
2022/02/28-21:15:37.177867 d854        Options.compaction_filter_factory: None
2022/02/28-21:15:37.177876 d854         Options.memtable_factory: SkipListFactory
2022/02/28-21:15:37.177885 d854            Options.table_factory: BlockBasedTable
2022/02/28-21:15:37.177911 d854            table_factory options:   flush_block_policy_factory: FlushBlockBySizePolicyFactory (000002926D40F230)
  cache_index_and_filter_blocks: 0
  cache_index_and_filter_blocks_with_high_priority: 1
  pin_l0_filter_and_index_blocks_in_cache: 1
  pin_top_level_index_and_filter: 1
  index_type: 2
  hash_index_allow_collision: 1
  checksum: 1
  no_block_cache: 0
  block_cache: 000002926CE73360
  block_cache_name: LRUCache
  block_cache_options:
    capacity : 536870912
    num_shard_bits : 8
    strict_capacity_limit : 0
    memory_allocator : None
    high_pri_pool_ratio: 0.000
  block_cache_compressed: 0000000000000000
  persistent_cache: 0000000000000000
  block_size: 4096
  block_size_deviation: 10
  block_restart_interval: 16
  index_block_restart_interval: 1
  metadata_block_size: 8192
  partition_filters: 1
  use_delta_encoding: 1
  filter_policy: nullptr
  whole_key_filtering: 1
  verify_compression: 0
  read_amp_bytes_per_bit: 0
  format_version: 0
  enable_index_compression: 1
  block_align: 0
2022/02/28-21:15:37.177921 d854        Options.write_buffer_size: 67108864
2022/02/28-21:15:37.177930 d854  Options.max_write_buffer_number: 3
2022/02/28-21:15:37.177939 d854          Options.compression: Snappy
2022/02/28-21:15:37.177948 d854                  Options.bottommost_compression: Disabled
2022/02/28-21:15:37.177957 d854       Options.prefix_extractor: rocksdb.FixedPrefix.8
2022/02/28-21:15:37.178116 d854   Options.memtable_insert_with_hint_prefix_extractor: nullptr
2022/02/28-21:15:37.178170 d854             Options.num_levels: 7
2022/02/28-21:15:37.178179 d854        Options.min_write_buffer_number_to_merge: 1
2022/02/28-21:15:37.178188 d854     Options.max_write_buffer_number_to_maintain: 0
2022/02/28-21:15:37.178196 d854            Options.bottommost_compression_opts.window_bits: -14
2022/02/28-21:15:37.178205 d854                  Options.bottommost_compression_opts.level: 32767
2022/02/28-21:15:37.178214 d854               Options.bottommost_compression_opts.strategy: 0
2022/02/28-21:15:37.178222 d854         Options.bottommost_compression_opts.max_dict_bytes: 0
2022/02/28-21:15:37.178231 d854         Options.bottommost_compression_opts.zstd_max_train_bytes: 0
2022/02/28-21:15:37.178240 d854                  Options.bottommost_compression_opts.enabled: false
2022/02/28-21:15:37.178249 d854            Options.compression_opts.window_bits: -14
2022/02/28-21:15:37.178257 d854                  Options.compression_opts.level: 32767
2022/02/28-21:15:37.178266 d854               Options.compression_opts.strategy: 0
2022/02/28-21:15:37.178274 d854         Options.compression_opts.max_dict_bytes: 0
2022/02/28-21:15:37.178283 d854         Options.compression_opts.zstd_max_train_bytes: 0
2022/02/28-21:15:37.178291 d854                  Options.compression_opts.enabled: false
2022/02/28-21:15:37.178300 d854      Options.level0_file_num_compaction_trigger: 10
2022/02/28-21:15:37.178309 d854          Options.level0_slowdown_writes_trigger: 20
2022/02/28-21:15:37.178317 d854              Options.level0_stop_writes_trigger: 40
2022/02/28-21:15:37.178326 d854                   Options.target_file_size_base: 67108864
2022/02/28-21:15:37.178334 d854             Options.target_file_size_multiplier: 1
2022/02/28-21:15:37.178343 d854                Options.max_bytes_for_level_base: 536870912
2022/02/28-21:15:37.178351 d854 Options.level_compaction_dynamic_level_bytes: 0
2022/02/28-21:15:37.178360 d854          Options.max_bytes_for_level_multiplier: 10.000000
2022/02/28-21:15:37.178370 d854 Options.max_bytes_for_level_multiplier_addtl[0]: 1
2022/02/28-21:15:37.178378 d854 Options.max_bytes_for_level_multiplier_addtl[1]: 1
2022/02/28-21:15:37.178387 d854 Options.max_bytes_for_level_multiplier_addtl[2]: 1
2022/02/28-21:15:37.178396 d854 Options.max_bytes_for_level_multiplier_addtl[3]: 1
2022/02/28-21:15:37.178404 d854 Options.max_bytes_for_level_multiplier_addtl[4]: 1
2022/02/28-21:15:37.178412 d854 Options.max_bytes_for_level_multiplier_addtl[5]: 1
2022/02/28-21:15:37.178421 d854 Options.max_bytes_for_level_multiplier_addtl[6]: 1
2022/02/28-21:15:37.178429 d854       Options.max_sequential_skip_in_iterations: 8
2022/02/28-21:15:37.178438 d854                    Options.max_compaction_bytes: 1677721600
2022/02/28-21:15:37.178446 d854                        Options.arena_block_size: 8388608
2022/02/28-21:15:37.178455 d854   Options.soft_pending_compaction_bytes_limit: 68719476736
2022/02/28-21:15:37.178464 d854   Options.hard_pending_compaction_bytes_limit: 274877906944
2022/02/28-21:15:37.178472 d854       Options.rate_limit_delay_max_milliseconds: 100
2022/02/28-21:15:37.178481 d854                Options.disable_auto_compactions: 0
2022/02/28-21:15:37.178491 d854                        Options.compaction_style: kCompactionStyleLevel
2022/02/28-21:15:37.178500 d854                          Options.compaction_pri: kByCompensatedSize
2022/02/28-21:15:37.178509 d854 Options.compaction_options_universal.size_ratio: 1
2022/02/28-21:15:37.178517 d854 Options.compaction_options_universal.min_merge_width: 2
2022/02/28-21:15:37.178526 d854 Options.compaction_options_universal.max_merge_width: 4294967295
2022/02/28-21:15:37.178534 d854 Options.compaction_options_universal.max_size_amplification_percent: 200
2022/02/28-21:15:37.178543 d854 Options.compaction_options_universal.compression_size_percent: -1
2022/02/28-21:15:37.178552 d854 Options.compaction_options_universal.stop_style: kCompactionStopStyleTotalSize
2022/02/28-21:15:37.178562 d854 Options.compaction_options_fifo.max_table_files_size: 1073741824
2022/02/28-21:15:37.178571 d854 Options.compaction_options_fifo.allow_compaction: 0
2022/02/28-21:15:37.178580 d854 Options.compaction_options_fifo.ttl: 0
2022/02/28-21:15:37.178590 d854                   Options.table_properties_collectors: 
2022/02/28-21:15:37.178598 d854                   Options.inplace_update_support: 0
2022/02/28-21:15:37.178607 d854                 Options.inplace_update_num_locks: 10000
2022/02/28-21:15:37.178615 d854               Options.memtable_prefix_bloom_size_ratio: 0.125000
2022/02/28-21:15:37.178624 d854   Options.memtable_huge_page_size: 0
2022/02/28-21:15:37.178633 d854                           Options.bloom_locality: 0
2022/02/28-21:15:37.178642 d854                    Options.max_successive_merges: 0
2022/02/28-21:15:37.178650 d854                Options.optimize_filters_for_hits: 0
2022/02/28-21:15:37.178659 d854                Options.paranoid_file_checks: 0
2022/02/28-21:15:37.178667 d854                Options.force_consistency_checks: 1
2022/02/28-21:15:37.178676 d854                Options.report_bg_io_stats: 0
2022/02/28-21:15:37.178684 d854                               Options.ttl: 0
2022/02/28-21:15:37.184882 d854 [db\version_set.cc:3724] Recovered from manifest file:D:\Developer\bishe\nacos\data\protocol\raft\naming_instance_metadata\log/MANIFEST-000199 succeeded,manifest_file_number is 199, next_file_number is 202, last_sequence is 3076, log_number is 0,prev_log_number is 0,max_column_family is 1,min_log_number_to_keep is 0
2022/02/28-21:15:37.184977 d854 [db\version_set.cc:3732] Column family [default] (ID 0), log number is 198
2022/02/28-21:15:37.184986 d854 [db\version_set.cc:3732] Column family [Configuration] (ID 1), log number is 198
2022/02/28-21:15:37.188106 d854 EVENT_LOG_v1 {"time_micros": 1646054137188095, "job": 1, "event": "recovery_started", "log_files": [201]}
2022/02/28-21:15:37.188129 d854 [db\db_impl_open.cc:578] Recovering log #201 mode 2
2022/02/28-21:15:37.193143 d854 EVENT_LOG_v1 {"time_micros": 1646054137193125, "cf_name": "default", "job": 1, "event": "table_file_creation", "file_number": 202, "file_size": 747, "table_properties": {"data_size": 0, "index_size": 13, "filter_size": 0, "raw_key_size": 32, "raw_average_key_size": 0, "raw_value_size": 16, "raw_average_value_size": 0, "num_data_blocks": 0, "num_entries": 0, "filter_policy_name": ""}}
2022/02/28-21:15:37.196023 d854 [db\version_set.cc:3037] Creating manifest 203
2022/02/28-21:15:37.210397 d854 EVENT_LOG_v1 {"time_micros": 1646054137210378, "cf_name": "Configuration", "job": 1, "event": "table_file_creation", "file_number": 204, "file_size": 877, "table_properties": {"data_size": 44, "index_size": 49, "filter_size": 0, "raw_key_size": 58, "raw_average_key_size": 58, "raw_value_size": 24, "raw_average_value_size": 24, "num_data_blocks": 1, "num_entries": 1, "filter_policy_name": ""}}
2022/02/28-21:15:37.216661 d854 EVENT_LOG_v1 {"time_micros": 1646054137216653, "job": 1, "event": "recovery_finished"}
2022/02/28-21:15:37.230650 d854 [db\db_impl_open.cc:1314] DB pointer 000002926A43E350
2022/02/28-21:15:37.231162 da08 [WARN] [db\db_impl.cc:669] ------- DUMPING STATS -------
2022/02/28-21:15:37.231186 da08 [WARN] [db\db_impl.cc:670] 
** DB Stats **
Uptime(secs): 0.1 total, 0.1 interval
Cumulative writes: 0 writes, 0 keys, 0 commit groups, 0.0 writes per commit group, ingest: 0.00 GB, 0.00 MB/s
Cumulative WAL: 0 writes, 0 syncs, 0.00 writes per sync, written: 0.00 GB, 0.00 MB/s
Cumulative stall: 00:00:0.000 H:M:S, 0.0 percent
Interval writes: 0 writes, 0 keys, 0 commit groups, 0.0 writes per commit group, ingest: 0.00 MB, 0.00 MB/s
Interval WAL: 0 writes, 0 syncs, 0.00 writes per sync, written: 0.00 MB, 0.00 MB/s
Interval stall: 00:00:0.000 H:M:S, 0.0 percent

** Compaction Stats [default] **
Level    Files   Size     Score Read(GB)  Rn(GB) Rnp1(GB) Write(GB) Wnew(GB) Moved(GB) W-Amp Rd(MB/s) Wr(MB/s) Comp(sec) Comp(cnt) Avg(sec) KeyIn KeyDrop
----------------------------------------------------------------------------------------------------------------------------------------------------------
  L0      5/0    3.65 KB   0.5      0.0     0.0      0.0       0.0      0.0       0.0   1.0      0.0      0.2         0         1    0.004       0      0
 Sum      5/0    3.65 KB   0.0      0.0     0.0      0.0       0.0      0.0       0.0   1.0      0.0      0.2         0         1    0.004       0      0
 Int      0/0    0.00 KB   0.0      0.0     0.0      0.0       0.0      0.0       0.0   1.0      0.0      0.2         0         1    0.004       0      0
Uptime(secs): 0.1 total, 0.1 interval
Flush(GB): cumulative 0.000, interval 0.000
AddFile(GB): cumulative 0.000, interval 0.000
AddFile(Total Files): cumulative 0, interval 0
AddFile(L0 Files): cumulative 0, interval 0
AddFile(Keys): cumulative 0, interval 0
Cumulative compaction: 0.00 GB write, 0.01 MB/s write, 0.00 GB read, 0.00 MB/s read, 0.0 seconds
Interval compaction: 0.00 GB write, 0.01 MB/s write, 0.00 GB read, 0.00 MB/s read, 0.0 seconds
Stalls(count): 0 level0_slowdown, 0 level0_slowdown_with_compaction, 0 level0_numfiles, 0 level0_numfiles_with_compaction, 0 stop for pending_compaction_bytes, 0 slowdown for pending_compaction_bytes, 0 memtable_compaction, 0 memtable_slowdown, interval 0 total count

** File Read Latency Histogram By Level [default] **
** Level 0 read latency histogram (micros):
Count: 25 Average: 65.5200  StdDev: 159.80
Min: 1  Median: 2.3750  Max: 589
Percentiles: P50: 2.38 P75: 9.00 P99: 589.00 P99.9: 589.00 P99.99: 589.00
------------------------------------------------------
[       0,       1 ]        2   8.000%   8.000% ##
(       1,       2 ]        9  36.000%  44.000% #######
(       2,       3 ]        4  16.000%  60.000% ###
(       3,       4 ]        2   8.000%  68.000% ##
(       4,       6 ]        1   4.000%  72.000% #
(       6,      10 ]        1   4.000%  76.000% #
(      22,      34 ]        1   4.000%  80.000% #
(      34,      51 ]        1   4.000%  84.000% #
(     110,     170 ]        1   4.000%  88.000% #
(     170,     250 ]        1   4.000%  92.000% #
(     380,     580 ]        1   4.000%  96.000% #
(     580,     870 ]        1   4.000% 100.000% #


** Compaction Stats [Configuration] **
Level    Files   Size     Score Read(GB)  Rn(GB) Rnp1(GB) Write(GB) Wnew(GB) Moved(GB) W-Amp Rd(MB/s) Wr(MB/s) Comp(sec) Comp(cnt) Avg(sec) KeyIn KeyDrop
----------------------------------------------------------------------------------------------------------------------------------------------------------
  L0      5/0    4.28 KB   0.5      0.0     0.0      0.0       0.0      0.0       0.0   1.0      0.0      0.2         0         1    0.004       0      0
  L1      1/0    0.76 KB   0.0      0.0     0.0      0.0       0.0      0.0       0.0   0.0      0.0      0.0         0         0    0.000       0      0
 Sum      6/0    5.04 KB   0.0      0.0     0.0      0.0       0.0      0.0       0.0   1.0      0.0      0.2         0         1    0.004       0      0
 Int      0/0    0.00 KB   0.0      0.0     0.0      0.0       0.0      0.0       0.0   1.0      0.0      0.2         0         1    0.004       0      0
Uptime(secs): 0.1 total, 0.1 interval
Flush(GB): cumulative 0.000, interval 0.000
AddFile(GB): cumulative 0.000, interval 0.000
AddFile(Total Files): cumulative 0, interval 0
AddFile(L0 Files): cumulative 0, interval 0
AddFile(Keys): cumulative 0, interval 0
Cumulative compaction: 0.00 GB write, 0.02 MB/s write, 0.00 GB read, 0.00 MB/s read, 0.0 seconds
Interval compaction: 0.00 GB write, 0.02 MB/s write, 0.00 GB read, 0.00 MB/s read, 0.0 seconds
Stalls(count): 0 level0_slowdown, 0 level0_slowdown_with_compaction, 0 level0_numfiles, 0 level0_numfiles_with_compaction, 0 stop for pending_compaction_bytes, 0 slowdown for pending_compaction_bytes, 0 memtable_compaction, 0 memtable_slowdown, interval 0 total count

** File Read Latency Histogram By Level [Configuration] **
** Level 0 read latency histogram (micros):
Count: 35 Average: 65.6286  StdDev: 159.98
Min: 2  Median: 2.7000  Max: 703
Percentiles: P50: 2.70 P75: 8.50 P99: 703.00 P99.9: 703.00 P99.99: 703.00
------------------------------------------------------
(       1,       2 ]       14  40.000%  40.000% ########
(       2,       3 ]        5  14.286%  54.286% ###
(       3,       4 ]        4  11.429%  65.714% ##
(       4,       6 ]        2   5.714%  71.429% #
(       6,      10 ]        2   5.714%  77.143% #
(      22,      34 ]        1   2.857%  80.000% #
(      51,      76 ]        1   2.857%  82.857% #
(      76,     110 ]        2   5.714%  88.571% #
(     250,     380 ]        2   5.714%  94.286% #
(     380,     580 ]        1   2.857%  97.143% #
(     580,     870 ]        1   2.857% 100.000% #

** Level 1 read latency histogram (micros):
Count: 6 Average: 28.6667  StdDev: 57.41
Min: 1  Median: 3.0000  Max: 157
Percentiles: P50: 3.00 P75: 5.00 P99: 157.00 P99.9: 157.00 P99.99: 157.00
------------------------------------------------------
[       0,       1 ]        1  16.667%  16.667% ###
(       1,       2 ]        1  16.667%  33.333% ###
(       2,       3 ]        1  16.667%  50.000% ###
(       3,       4 ]        1  16.667%  66.667% ###
(       4,       6 ]        1  16.667%  83.333% ###
(     110,     170 ]        1  16.667% 100.000% ###


** Compaction Stats [default] **
Level    Files   Size     Score Read(GB)  Rn(GB) Rnp1(GB) Write(GB) Wnew(GB) Moved(GB) W-Amp Rd(MB/s) Wr(MB/s) Comp(sec) Comp(cnt) Avg(sec) KeyIn KeyDrop
----------------------------------------------------------------------------------------------------------------------------------------------------------
  L0      5/0    3.65 KB   0.5      0.0     0.0      0.0       0.0      0.0       0.0   1.0      0.0      0.2         0         1    0.004       0      0
 Sum      5/0    3.65 KB   0.0      0.0     0.0      0.0       0.0      0.0       0.0   1.0      0.0      0.2         0         1    0.004       0      0
 Int      0/0    0.00 KB   0.0      0.0     0.0      0.0       0.0      0.0       0.0   0.0      0.0      0.0         0         0    0.000       0      0
Uptime(secs): 0.1 total, 0.0 interval
Flush(GB): cumulative 0.000, interval 0.000
AddFile(GB): cumulative 0.000, interval 0.000
AddFile(Total Files): cumulative 0, interval 0
AddFile(L0 Files): cumulative 0, interval 0
AddFile(Keys): cumulative 0, interval 0
Cumulative compaction: 0.00 GB write, 0.01 MB/s write, 0.00 GB read, 0.00 MB/s read, 0.0 seconds
Interval compaction: 0.00 GB write, 0.00 MB/s write, 0.00 GB read, 0.00 MB/s read, 0.0 seconds
Stalls(count): 0 level0_slowdown, 0 level0_slowdown_with_compaction, 0 level0_numfiles, 0 level0_numfiles_with_compaction, 0 stop for pending_compaction_bytes, 0 slowdown for pending_compaction_bytes, 0 memtable_compaction, 0 memtable_slowdown, interval 0 total count

** File Read Latency Histogram By Level [default] **
** Level 0 read latency histogram (micros):
Count: 25 Average: 65.5200  StdDev: 159.80
Min: 1  Median: 2.3750  Max: 589
Percentiles: P50: 2.38 P75: 9.00 P99: 589.00 P99.9: 589.00 P99.99: 589.00
------------------------------------------------------
[       0,       1 ]        2   8.000%   8.000% ##
(       1,       2 ]        9  36.000%  44.000% #######
(       2,       3 ]        4  16.000%  60.000% ###
(       3,       4 ]        2   8.000%  68.000% ##
(       4,       6 ]        1   4.000%  72.000% #
(       6,      10 ]        1   4.000%  76.000% #
(      22,      34 ]        1   4.000%  80.000% #
(      34,      51 ]        1   4.000%  84.000% #
(     110,     170 ]        1   4.000%  88.000% #
(     170,     250 ]        1   4.000%  92.000% #
(     380,     580 ]        1   4.000%  96.000% #
(     580,     870 ]        1   4.000% 100.000% #


** Compaction Stats [Configuration] **
Level    Files   Size     Score Read(GB)  Rn(GB) Rnp1(GB) Write(GB) Wnew(GB) Moved(GB) W-Amp Rd(MB/s) Wr(MB/s) Comp(sec) Comp(cnt) Avg(sec) KeyIn KeyDrop
----------------------------------------------------------------------------------------------------------------------------------------------------------
  L0      5/0    4.28 KB   0.5      0.0     0.0      0.0       0.0      0.0       0.0   1.0      0.0      0.2         0         1    0.004       0      0
  L1      1/0    0.76 KB   0.0      0.0     0.0      0.0       0.0      0.0       0.0   0.0      0.0      0.0         0         0    0.000       0      0
 Sum      6/0    5.04 KB   0.0      0.0     0.0      0.0       0.0      0.0       0.0   1.0      0.0      0.2         0         1    0.004       0      0
 Int      0/0    0.00 KB   0.0      0.0     0.0      0.0       0.0      0.0       0.0   0.0      0.0      0.0         0         0    0.000       0      0
Uptime(secs): 0.1 total, 0.0 interval
Flush(GB): cumulative 0.000, interval 0.000
AddFile(GB): cumulative 0.000, interval 0.000
AddFile(Total Files): cumulative 0, interval 0
AddFile(L0 Files): cumulative 0, interval 0
AddFile(Keys): cumulative 0, interval 0
Cumulative compaction: 0.00 GB write, 0.02 MB/s write, 0.00 GB read, 0.00 MB/s read, 0.0 seconds
Interval compaction: 0.00 GB write, 0.00 MB/s write, 0.00 GB read, 0.00 MB/s read, 0.0 seconds
Stalls(count): 0 level0_slowdown, 0 level0_slowdown_with_compaction, 0 level0_numfiles, 0 level0_numfiles_with_compaction, 0 stop for pending_compaction_bytes, 0 slowdown for pending_compaction_bytes, 0 memtable_compaction, 0 memtable_slowdown, interval 0 total count

** File Read Latency Histogram By Level [Configuration] **
** Level 0 read latency histogram (micros):
Count: 35 Average: 65.6286  StdDev: 159.98
Min: 2  Median: 2.7000  Max: 703
Percentiles: P50: 2.70 P75: 8.50 P99: 703.00 P99.9: 703.00 P99.99: 703.00
------------------------------------------------------
(       1,       2 ]       14  40.000%  40.000% ########
(       2,       3 ]        5  14.286%  54.286% ###
(       3,       4 ]        4  11.429%  65.714% ##
(       4,       6 ]        2   5.714%  71.429% #
(       6,      10 ]        2   5.714%  77.143% #
(      22,      34 ]        1   2.857%  80.000% #
(      51,      76 ]        1   2.857%  82.857% #
(      76,     110 ]        2   5.714%  88.571% #
(     250,     380 ]        2   5.714%  94.286% #
(     380,     580 ]        1   2.857%  97.143% #
(     580,     870 ]        1   2.857% 100.000% #

** Level 1 read latency histogram (micros):
Count: 6 Average: 28.6667  StdDev: 57.41
Min: 1  Median: 3.0000  Max: 157
Percentiles: P50: 3.00 P75: 5.00 P99: 157.00 P99.9: 157.00 P99.99: 157.00
------------------------------------------------------
[       0,       1 ]        1  16.667%  16.667% ###
(       1,       2 ]        1  16.667%  33.333% ###
(       2,       3 ]        1  16.667%  50.000% ###
(       3,       4 ]        1  16.667%  66.667% ###
(       4,       6 ]        1  16.667%  83.333% ###
(     110,     170 ]        1  16.667% 100.000% ###

2022/02/28-21:15:37.231746 da08 [WARN] [db\db_impl.cc:617] STATISTICS:
 rocksdb.block.cache.miss COUNT : 22
rocksdb.block.cache.hit COUNT : 5
rocksdb.block.cache.add COUNT : 22
rocksdb.block.cache.add.failures COUNT : 0
rocksdb.block.cache.index.miss COUNT : 6
rocksdb.block.cache.index.hit COUNT : 5
rocksdb.block.cache.index.add COUNT : 6
rocksdb.block.cache.index.bytes.insert COUNT : 612
rocksdb.block.cache.index.bytes.evict COUNT : 0
rocksdb.block.cache.filter.miss COUNT : 0
rocksdb.block.cache.filter.hit COUNT : 0
rocksdb.block.cache.filter.add COUNT : 0
rocksdb.block.cache.filter.bytes.insert COUNT : 0
rocksdb.block.cache.filter.bytes.evict COUNT : 0
rocksdb.block.cache.data.miss COUNT : 16
rocksdb.block.cache.data.hit COUNT : 0
rocksdb.block.cache.data.add COUNT : 16
rocksdb.block.cache.data.bytes.insert COUNT : 2210
rocksdb.block.cache.bytes.read COUNT : 510
rocksdb.block.cache.bytes.write COUNT : 2822
rocksdb.bloom.filter.useful COUNT : 0
rocksdb.bloom.filter.full.positive COUNT : 0
rocksdb.bloom.filter.full.true.positive COUNT : 0
rocksdb.persistent.cache.hit COUNT : 0
rocksdb.persistent.cache.miss COUNT : 0
rocksdb.sim.block.cache.hit COUNT : 0
rocksdb.sim.block.cache.miss COUNT : 0
rocksdb.memtable.hit COUNT : 0
rocksdb.memtable.miss COUNT : 0
rocksdb.l0.hit COUNT : 0
rocksdb.l1.hit COUNT : 0
rocksdb.l2andup.hit COUNT : 0
rocksdb.compaction.key.drop.new COUNT : 0
rocksdb.compaction.key.drop.obsolete COUNT : 0
rocksdb.compaction.key.drop.range_del COUNT : 0
rocksdb.compaction.key.drop.user COUNT : 0
rocksdb.compaction.range_del.drop.obsolete COUNT : 0
rocksdb.compaction.optimized.del.drop.obsolete COUNT : 0
rocksdb.compaction.cancelled COUNT : 0
rocksdb.number.keys.written COUNT : 0
rocksdb.number.keys.read COUNT : 0
rocksdb.number.keys.updated COUNT : 0
rocksdb.bytes.written COUNT : 0
rocksdb.bytes.read COUNT : 0
rocksdb.number.db.seek COUNT : 2
rocksdb.number.db.next COUNT : 1
rocksdb.number.db.prev COUNT : 0
rocksdb.number.db.seek.found COUNT : 1
rocksdb.number.db.next.found COUNT : 0
rocksdb.number.db.prev.found COUNT : 0
rocksdb.db.iter.bytes.read COUNT : 26
rocksdb.no.file.closes COUNT : 0
rocksdb.no.file.opens COUNT : 11
rocksdb.no.file.errors COUNT : 0
rocksdb.l0.slowdown.micros COUNT : 0
rocksdb.memtable.compaction.micros COUNT : 0
rocksdb.l0.num.files.stall.micros COUNT : 0
rocksdb.stall.micros COUNT : 0
rocksdb.db.mutex.wait.micros COUNT : 0
rocksdb.rate.limit.delay.millis COUNT : 0
rocksdb.num.iterators COUNT : 0
rocksdb.number.multiget.get COUNT : 0
rocksdb.number.multiget.keys.read COUNT : 0
rocksdb.number.multiget.bytes.read COUNT : 0
rocksdb.number.deletes.filtered COUNT : 0
rocksdb.number.merge.failures COUNT : 0
rocksdb.bloom.filter.prefix.checked COUNT : 0
rocksdb.bloom.filter.prefix.useful COUNT : 0
rocksdb.number.reseeks.iteration COUNT : 0
rocksdb.getupdatessince.calls COUNT : 0
rocksdb.block.cachecompressed.miss COUNT : 0
rocksdb.block.cachecompressed.hit COUNT : 0
rocksdb.block.cachecompressed.add COUNT : 0
rocksdb.block.cachecompressed.add.failures COUNT : 0
rocksdb.wal.synced COUNT : 0
rocksdb.wal.bytes COUNT : 0
rocksdb.write.self COUNT : 0
rocksdb.write.other COUNT : 0
rocksdb.write.timeout COUNT : 0
rocksdb.write.wal COUNT : 0
rocksdb.compact.read.bytes COUNT : 0
rocksdb.compact.write.bytes COUNT : 1624
rocksdb.flush.write.bytes COUNT : 0
rocksdb.number.direct.load.table.properties COUNT : 0
rocksdb.number.superversion_acquires COUNT : 2
rocksdb.number.superversion_releases COUNT : 0
rocksdb.number.superversion_cleanups COUNT : 0
rocksdb.number.block.compressed COUNT : 1
rocksdb.number.block.decompressed COUNT : 6
rocksdb.number.block.not_compressed COUNT : 0
rocksdb.merge.operation.time.nanos COUNT : 0
rocksdb.filter.operation.time.nanos COUNT : 0
rocksdb.row.cache.hit COUNT : 0
rocksdb.row.cache.miss COUNT : 0
rocksdb.read.amp.estimate.useful.bytes COUNT : 0
rocksdb.read.amp.total.read.bytes COUNT : 0
rocksdb.number.rate_limiter.drains COUNT : 0
rocksdb.number.iter.skip COUNT : 5
rocksdb.blobdb.num.put COUNT : 0
rocksdb.blobdb.num.write COUNT : 0
rocksdb.blobdb.num.get COUNT : 0
rocksdb.blobdb.num.multiget COUNT : 0
rocksdb.blobdb.num.seek COUNT : 0
rocksdb.blobdb.num.next COUNT : 0
rocksdb.blobdb.num.prev COUNT : 0
rocksdb.blobdb.num.keys.written COUNT : 0
rocksdb.blobdb.num.keys.read COUNT : 0
rocksdb.blobdb.bytes.written COUNT : 0
rocksdb.blobdb.bytes.read COUNT : 0
rocksdb.blobdb.write.inlined COUNT : 0
rocksdb.blobdb.write.inlined.ttl COUNT : 0
rocksdb.blobdb.write.blob COUNT : 0
