2021/11/18-10:22:40.591624 af9c RocksDB version: 5.18.4
2021/11/18-10:22:40.591728 af9c Git sha rocksdb_build_git_sha:@b9a4a10659969c71e6f6eab4e4bae8c36ede919f@
2021/11/18-10:22:40.591758 af9c Compile date Mar 11 2020
2021/11/18-10:22:40.591779 af9c DB SUMMARY
2021/11/18-10:22:40.592365 af9c CURRENT file:  CURRENT
2021/11/18-10:22:40.592399 af9c IDENTITY file:  IDENTITY
2021/11/18-10:22:40.592432 af9c MANIFEST file:  MANIFEST-000027 size: 717 Bytes
2021/11/18-10:22:40.592454 af9c SST files in D:\Developer\bishe\nacos\data\protocol\raft\naming_instance_metadata\log dir, Total Num: 12, files: 000006.sst 000008.sst 000010.sst 000012.sst 000014.sst 000016.sst 000018.sst 000020.sst 000022.sst 
2021/11/18-10:22:40.592475 af9c Write Ahead Log file in D:\Developer\bishe\nacos\data\protocol\raft\naming_instance_metadata\log: 000029.log size: 3589 ; 
2021/11/18-10:22:40.592610 af9c                         Options.error_if_exists: 0
2021/11/18-10:22:40.592623 af9c                       Options.create_if_missing: 1
2021/11/18-10:22:40.592632 af9c                         Options.paranoid_checks: 1
2021/11/18-10:22:40.592641 af9c                                     Options.env: 0000026795B4F8F0
2021/11/18-10:22:40.592652 af9c                                Options.info_log: 0000026790C3FF10
2021/11/18-10:22:40.592661 af9c                Options.max_file_opening_threads: 16
2021/11/18-10:22:40.592670 af9c                              Options.statistics: 00000267937A87A0
2021/11/18-10:22:40.592679 af9c                               Options.use_fsync: 0
2021/11/18-10:22:40.592687 af9c                       Options.max_log_file_size: 0
2021/11/18-10:22:40.592696 af9c                  Options.max_manifest_file_size: 1073741824
2021/11/18-10:22:40.592705 af9c                   Options.log_file_time_to_roll: 0
2021/11/18-10:22:40.592713 af9c                       Options.keep_log_file_num: 1000
2021/11/18-10:22:40.592722 af9c                    Options.recycle_log_file_num: 0
2021/11/18-10:22:40.592730 af9c                         Options.allow_fallocate: 1
2021/11/18-10:22:40.592739 af9c                        Options.allow_mmap_reads: 0
2021/11/18-10:22:40.592747 af9c                       Options.allow_mmap_writes: 0
2021/11/18-10:22:40.592756 af9c                        Options.use_direct_reads: 0
2021/11/18-10:22:40.592764 af9c                        Options.use_direct_io_for_flush_and_compaction: 0
2021/11/18-10:22:40.592773 af9c          Options.create_missing_column_families: 1
2021/11/18-10:22:40.592781 af9c                              Options.db_log_dir: 
2021/11/18-10:22:40.592790 af9c                                 Options.wal_dir: D:\Developer\bishe\nacos\data\protocol\raft\naming_instance_metadata\log
2021/11/18-10:22:40.592798 af9c                Options.table_cache_numshardbits: 6
2021/11/18-10:22:40.592807 af9c                      Options.max_subcompactions: 1
2021/11/18-10:22:40.592815 af9c                  Options.max_background_flushes: 1
2021/11/18-10:22:40.592824 af9c                         Options.WAL_ttl_seconds: 0
2021/11/18-10:22:40.592832 af9c                       Options.WAL_size_limit_MB: 0
2021/11/18-10:22:40.592840 af9c             Options.manifest_preallocation_size: 4194304
2021/11/18-10:22:40.592849 af9c                     Options.is_fd_close_on_exec: 1
2021/11/18-10:22:40.592857 af9c                   Options.advise_random_on_open: 1
2021/11/18-10:22:40.592866 af9c                    Options.db_write_buffer_size: 0
2021/11/18-10:22:40.592874 af9c                    Options.write_buffer_manager: 000002679435FDB0
2021/11/18-10:22:40.592883 af9c         Options.access_hint_on_compaction_start: 1
2021/11/18-10:22:40.592891 af9c  Options.new_table_reader_for_compaction_inputs: 0
2021/11/18-10:22:40.592899 af9c           Options.random_access_max_buffer_size: 1048576
2021/11/18-10:22:40.592908 af9c                      Options.use_adaptive_mutex: 0
2021/11/18-10:22:40.592918 af9c                            Options.rate_limiter: 0000000000000000
2021/11/18-10:22:40.592927 af9c     Options.sst_file_manager.rate_bytes_per_sec: 0
2021/11/18-10:22:40.592967 af9c                       Options.wal_recovery_mode: 2
2021/11/18-10:22:40.592977 af9c                  Options.enable_thread_tracking: 0
2021/11/18-10:22:40.592985 af9c                  Options.enable_pipelined_write: 0
2021/11/18-10:22:40.592994 af9c         Options.allow_concurrent_memtable_write: 1
2021/11/18-10:22:40.593002 af9c      Options.enable_write_thread_adaptive_yield: 1
2021/11/18-10:22:40.593010 af9c             Options.write_thread_max_yield_usec: 100
2021/11/18-10:22:40.593019 af9c            Options.write_thread_slow_yield_usec: 3
2021/11/18-10:22:40.593027 af9c                               Options.row_cache: None
2021/11/18-10:22:40.593036 af9c                              Options.wal_filter: None
2021/11/18-10:22:40.593044 af9c             Options.avoid_flush_during_recovery: 0
2021/11/18-10:22:40.593053 af9c             Options.allow_ingest_behind: 0
2021/11/18-10:22:40.593061 af9c             Options.preserve_deletes: 0
2021/11/18-10:22:40.593069 af9c             Options.two_write_queues: 0
2021/11/18-10:22:40.593078 af9c             Options.manual_wal_flush: 0
2021/11/18-10:22:40.593086 af9c             Options.max_background_jobs: 2
2021/11/18-10:22:40.593095 af9c             Options.max_background_compactions: 4
2021/11/18-10:22:40.593103 af9c             Options.avoid_flush_during_shutdown: 0
2021/11/18-10:22:40.593111 af9c           Options.writable_file_max_buffer_size: 1048576
2021/11/18-10:22:40.593120 af9c             Options.delayed_write_rate : 16777216
2021/11/18-10:22:40.593128 af9c             Options.max_total_wal_size: 0
2021/11/18-10:22:40.593136 af9c             Options.delete_obsolete_files_period_micros: 21600000000
2021/11/18-10:22:40.593145 af9c                   Options.stats_dump_period_sec: 600
2021/11/18-10:22:40.593153 af9c                          Options.max_open_files: -1
2021/11/18-10:22:40.593162 af9c                          Options.bytes_per_sync: 0
2021/11/18-10:22:40.593170 af9c                      Options.wal_bytes_per_sync: 0
2021/11/18-10:22:40.593178 af9c       Options.compaction_readahead_size: 0
2021/11/18-10:22:40.593187 af9c Compression algorithms supported:
2021/11/18-10:22:40.593196 af9c 	kZSTD supported: 1
2021/11/18-10:22:40.593204 af9c 	kSnappyCompression supported: 1
2021/11/18-10:22:40.593213 af9c 	kBZip2Compression supported: 0
2021/11/18-10:22:40.593221 af9c 	kZlibCompression supported: 1
2021/11/18-10:22:40.593230 af9c 	kLZ4Compression supported: 1
2021/11/18-10:22:40.593238 af9c 	kXpressCompression supported: 0
2021/11/18-10:22:40.593247 af9c 	kLZ4HCCompression supported: 1
2021/11/18-10:22:40.593255 af9c 	kZSTDNotFinalCompression supported: 1
2021/11/18-10:22:40.593265 af9c Fast CRC32 supported: Supported on x86
2021/11/18-10:22:40.595723 af9c [db\version_set.cc:3508] Recovering from manifest file: MANIFEST-000027
2021/11/18-10:22:40.596187 af9c [db\column_family.cc:474] --------------- Options for column family [default]:
2021/11/18-10:22:40.596200 af9c               Options.comparator: leveldb.BytewiseComparator
2021/11/18-10:22:40.596209 af9c           Options.merge_operator: StringAppendOperator
2021/11/18-10:22:40.596218 af9c        Options.compaction_filter: None
2021/11/18-10:22:40.596227 af9c        Options.compaction_filter_factory: None
2021/11/18-10:22:40.596236 af9c         Options.memtable_factory: SkipListFactory
2021/11/18-10:22:40.596244 af9c            Options.table_factory: BlockBasedTable
2021/11/18-10:22:40.596271 af9c            table_factory options:   flush_block_policy_factory: FlushBlockBySizePolicyFactory (000002678FC5EF30)
  cache_index_and_filter_blocks: 0
  cache_index_and_filter_blocks_with_high_priority: 1
  pin_l0_filter_and_index_blocks_in_cache: 1
  pin_top_level_index_and_filter: 1
  index_type: 2
  hash_index_allow_collision: 1
  checksum: 1
  no_block_cache: 0
  block_cache: 00000267911748D0
  block_cache_name: LRUCache
  block_cache_options:
    capacity : 536870912
    num_shard_bits : 8
    strict_capacity_limit : 0
    memory_allocator : None
    high_pri_pool_ratio: 0.000
  block_cache_compressed: 0000000000000000
  persistent_cache: 0000000000000000
  block_size: 4096
  block_size_deviation: 10
  block_restart_interval: 16
  index_block_restart_interval: 1
  metadata_block_size: 8192
  partition_filters: 1
  use_delta_encoding: 1
  filter_policy: nullptr
  whole_key_filtering: 1
  verify_compression: 0
  read_amp_bytes_per_bit: 0
  format_version: 0
  enable_index_compression: 1
  block_align: 0
2021/11/18-10:22:40.596464 af9c        Options.write_buffer_size: 67108864
2021/11/18-10:22:40.596480 af9c  Options.max_write_buffer_number: 3
2021/11/18-10:22:40.596489 af9c          Options.compression: Snappy
2021/11/18-10:22:40.596498 af9c                  Options.bottommost_compression: Disabled
2021/11/18-10:22:40.596507 af9c       Options.prefix_extractor: rocksdb.FixedPrefix.8
2021/11/18-10:22:40.596515 af9c   Options.memtable_insert_with_hint_prefix_extractor: nullptr
2021/11/18-10:22:40.596524 af9c             Options.num_levels: 7
2021/11/18-10:22:40.596532 af9c        Options.min_write_buffer_number_to_merge: 1
2021/11/18-10:22:40.596540 af9c     Options.max_write_buffer_number_to_maintain: 0
2021/11/18-10:22:40.596549 af9c            Options.bottommost_compression_opts.window_bits: -14
2021/11/18-10:22:40.596557 af9c                  Options.bottommost_compression_opts.level: 32767
2021/11/18-10:22:40.596566 af9c               Options.bottommost_compression_opts.strategy: 0
2021/11/18-10:22:40.596574 af9c         Options.bottommost_compression_opts.max_dict_bytes: 0
2021/11/18-10:22:40.596583 af9c         Options.bottommost_compression_opts.zstd_max_train_bytes: 0
2021/11/18-10:22:40.596591 af9c                  Options.bottommost_compression_opts.enabled: false
2021/11/18-10:22:40.596600 af9c            Options.compression_opts.window_bits: -14
2021/11/18-10:22:40.596608 af9c                  Options.compression_opts.level: 32767
2021/11/18-10:22:40.596617 af9c               Options.compression_opts.strategy: 0
2021/11/18-10:22:40.596625 af9c         Options.compression_opts.max_dict_bytes: 0
2021/11/18-10:22:40.596633 af9c         Options.compression_opts.zstd_max_train_bytes: 0
2021/11/18-10:22:40.596642 af9c                  Options.compression_opts.enabled: false
2021/11/18-10:22:40.596651 af9c      Options.level0_file_num_compaction_trigger: 10
2021/11/18-10:22:40.596659 af9c          Options.level0_slowdown_writes_trigger: 20
2021/11/18-10:22:40.596669 af9c              Options.level0_stop_writes_trigger: 40
2021/11/18-10:22:40.596679 af9c                   Options.target_file_size_base: 67108864
2021/11/18-10:22:40.596688 af9c             Options.target_file_size_multiplier: 1
2021/11/18-10:22:40.596696 af9c                Options.max_bytes_for_level_base: 536870912
2021/11/18-10:22:40.596705 af9c Options.level_compaction_dynamic_level_bytes: 0
2021/11/18-10:22:40.596713 af9c          Options.max_bytes_for_level_multiplier: 10.000000
2021/11/18-10:22:40.596723 af9c Options.max_bytes_for_level_multiplier_addtl[0]: 1
2021/11/18-10:22:40.596732 af9c Options.max_bytes_for_level_multiplier_addtl[1]: 1
2021/11/18-10:22:40.596740 af9c Options.max_bytes_for_level_multiplier_addtl[2]: 1
2021/11/18-10:22:40.596748 af9c Options.max_bytes_for_level_multiplier_addtl[3]: 1
2021/11/18-10:22:40.596757 af9c Options.max_bytes_for_level_multiplier_addtl[4]: 1
2021/11/18-10:22:40.596765 af9c Options.max_bytes_for_level_multiplier_addtl[5]: 1
2021/11/18-10:22:40.596773 af9c Options.max_bytes_for_level_multiplier_addtl[6]: 1
2021/11/18-10:22:40.596782 af9c       Options.max_sequential_skip_in_iterations: 8
2021/11/18-10:22:40.596790 af9c                    Options.max_compaction_bytes: 1677721600
2021/11/18-10:22:40.596799 af9c                        Options.arena_block_size: 8388608
2021/11/18-10:22:40.596807 af9c   Options.soft_pending_compaction_bytes_limit: 68719476736
2021/11/18-10:22:40.596815 af9c   Options.hard_pending_compaction_bytes_limit: 274877906944
2021/11/18-10:22:40.596824 af9c       Options.rate_limit_delay_max_milliseconds: 100
2021/11/18-10:22:40.596832 af9c                Options.disable_auto_compactions: 0
2021/11/18-10:22:40.596843 af9c                        Options.compaction_style: kCompactionStyleLevel
2021/11/18-10:22:40.596852 af9c                          Options.compaction_pri: kByCompensatedSize
2021/11/18-10:22:40.596861 af9c Options.compaction_options_universal.size_ratio: 1
2021/11/18-10:22:40.596869 af9c Options.compaction_options_universal.min_merge_width: 2
2021/11/18-10:22:40.596877 af9c Options.compaction_options_universal.max_merge_width: 4294967295
2021/11/18-10:22:40.596886 af9c Options.compaction_options_universal.max_size_amplification_percent: 200
2021/11/18-10:22:40.596894 af9c Options.compaction_options_universal.compression_size_percent: -1
2021/11/18-10:22:40.596903 af9c Options.compaction_options_universal.stop_style: kCompactionStopStyleTotalSize
2021/11/18-10:22:40.596912 af9c Options.compaction_options_fifo.max_table_files_size: 1073741824
2021/11/18-10:22:40.596922 af9c Options.compaction_options_fifo.allow_compaction: 0
2021/11/18-10:22:40.596930 af9c Options.compaction_options_fifo.ttl: 0
2021/11/18-10:22:40.596938 af9c                   Options.table_properties_collectors: 
2021/11/18-10:22:40.596947 af9c                   Options.inplace_update_support: 0
2021/11/18-10:22:40.596955 af9c                 Options.inplace_update_num_locks: 10000
2021/11/18-10:22:40.596964 af9c               Options.memtable_prefix_bloom_size_ratio: 0.125000
2021/11/18-10:22:40.596973 af9c   Options.memtable_huge_page_size: 0
2021/11/18-10:22:40.596981 af9c                           Options.bloom_locality: 0
2021/11/18-10:22:40.596989 af9c                    Options.max_successive_merges: 0
2021/11/18-10:22:40.596998 af9c                Options.optimize_filters_for_hits: 0
2021/11/18-10:22:40.597006 af9c                Options.paranoid_file_checks: 0
2021/11/18-10:22:40.597014 af9c                Options.force_consistency_checks: 1
2021/11/18-10:22:40.597023 af9c                Options.report_bg_io_stats: 0
2021/11/18-10:22:40.597031 af9c                               Options.ttl: 0
2021/11/18-10:22:40.599823 af9c [db\column_family.cc:474] --------------- Options for column family [Configuration]:
2021/11/18-10:22:40.599851 af9c               Options.comparator: leveldb.BytewiseComparator
2021/11/18-10:22:40.599860 af9c           Options.merge_operator: StringAppendOperator
2021/11/18-10:22:40.599869 af9c        Options.compaction_filter: None
2021/11/18-10:22:40.599878 af9c        Options.compaction_filter_factory: None
2021/11/18-10:22:40.599886 af9c         Options.memtable_factory: SkipListFactory
2021/11/18-10:22:40.599895 af9c            Options.table_factory: BlockBasedTable
2021/11/18-10:22:40.599923 af9c            table_factory options:   flush_block_policy_factory: FlushBlockBySizePolicyFactory (000002678FC5EF30)
  cache_index_and_filter_blocks: 0
  cache_index_and_filter_blocks_with_high_priority: 1
  pin_l0_filter_and_index_blocks_in_cache: 1
  pin_top_level_index_and_filter: 1
  index_type: 2
  hash_index_allow_collision: 1
  checksum: 1
  no_block_cache: 0
  block_cache: 00000267911748D0
  block_cache_name: LRUCache
  block_cache_options:
    capacity : 536870912
    num_shard_bits : 8
    strict_capacity_limit : 0
    memory_allocator : None
    high_pri_pool_ratio: 0.000
  block_cache_compressed: 0000000000000000
  persistent_cache: 0000000000000000
  block_size: 4096
  block_size_deviation: 10
  block_restart_interval: 16
  index_block_restart_interval: 1
  metadata_block_size: 8192
  partition_filters: 1
  use_delta_encoding: 1
  filter_policy: nullptr
  whole_key_filtering: 1
  verify_compression: 0
  read_amp_bytes_per_bit: 0
  format_version: 0
  enable_index_compression: 1
  block_align: 0
2021/11/18-10:22:40.599932 af9c        Options.write_buffer_size: 67108864
2021/11/18-10:22:40.599941 af9c  Options.max_write_buffer_number: 3
2021/11/18-10:22:40.599949 af9c          Options.compression: Snappy
2021/11/18-10:22:40.599958 af9c                  Options.bottommost_compression: Disabled
2021/11/18-10:22:40.599966 af9c       Options.prefix_extractor: rocksdb.FixedPrefix.8
2021/11/18-10:22:40.600021 af9c   Options.memtable_insert_with_hint_prefix_extractor: nullptr
2021/11/18-10:22:40.600032 af9c             Options.num_levels: 7
2021/11/18-10:22:40.600040 af9c        Options.min_write_buffer_number_to_merge: 1
2021/11/18-10:22:40.600049 af9c     Options.max_write_buffer_number_to_maintain: 0
2021/11/18-10:22:40.600057 af9c            Options.bottommost_compression_opts.window_bits: -14
2021/11/18-10:22:40.600066 af9c                  Options.bottommost_compression_opts.level: 32767
2021/11/18-10:22:40.600074 af9c               Options.bottommost_compression_opts.strategy: 0
2021/11/18-10:22:40.600083 af9c         Options.bottommost_compression_opts.max_dict_bytes: 0
2021/11/18-10:22:40.600092 af9c         Options.bottommost_compression_opts.zstd_max_train_bytes: 0
2021/11/18-10:22:40.600100 af9c                  Options.bottommost_compression_opts.enabled: false
2021/11/18-10:22:40.600109 af9c            Options.compression_opts.window_bits: -14
2021/11/18-10:22:40.600117 af9c                  Options.compression_opts.level: 32767
2021/11/18-10:22:40.600125 af9c               Options.compression_opts.strategy: 0
2021/11/18-10:22:40.600134 af9c         Options.compression_opts.max_dict_bytes: 0
2021/11/18-10:22:40.600142 af9c         Options.compression_opts.zstd_max_train_bytes: 0
2021/11/18-10:22:40.600151 af9c                  Options.compression_opts.enabled: false
2021/11/18-10:22:40.600159 af9c      Options.level0_file_num_compaction_trigger: 10
2021/11/18-10:22:40.600168 af9c          Options.level0_slowdown_writes_trigger: 20
2021/11/18-10:22:40.600176 af9c              Options.level0_stop_writes_trigger: 40
2021/11/18-10:22:40.600184 af9c                   Options.target_file_size_base: 67108864
2021/11/18-10:22:40.600193 af9c             Options.target_file_size_multiplier: 1
2021/11/18-10:22:40.600201 af9c                Options.max_bytes_for_level_base: 536870912
2021/11/18-10:22:40.600210 af9c Options.level_compaction_dynamic_level_bytes: 0
2021/11/18-10:22:40.600218 af9c          Options.max_bytes_for_level_multiplier: 10.000000
2021/11/18-10:22:40.600228 af9c Options.max_bytes_for_level_multiplier_addtl[0]: 1
2021/11/18-10:22:40.600236 af9c Options.max_bytes_for_level_multiplier_addtl[1]: 1
2021/11/18-10:22:40.600245 af9c Options.max_bytes_for_level_multiplier_addtl[2]: 1
2021/11/18-10:22:40.600253 af9c Options.max_bytes_for_level_multiplier_addtl[3]: 1
2021/11/18-10:22:40.600261 af9c Options.max_bytes_for_level_multiplier_addtl[4]: 1
2021/11/18-10:22:40.600270 af9c Options.max_bytes_for_level_multiplier_addtl[5]: 1
2021/11/18-10:22:40.600278 af9c Options.max_bytes_for_level_multiplier_addtl[6]: 1
2021/11/18-10:22:40.600287 af9c       Options.max_sequential_skip_in_iterations: 8
2021/11/18-10:22:40.600295 af9c                    Options.max_compaction_bytes: 1677721600
2021/11/18-10:22:40.600303 af9c                        Options.arena_block_size: 8388608
2021/11/18-10:22:40.600312 af9c   Options.soft_pending_compaction_bytes_limit: 68719476736
2021/11/18-10:22:40.600320 af9c   Options.hard_pending_compaction_bytes_limit: 274877906944
2021/11/18-10:22:40.600328 af9c       Options.rate_limit_delay_max_milliseconds: 100
2021/11/18-10:22:40.600337 af9c                Options.disable_auto_compactions: 0
2021/11/18-10:22:40.600346 af9c                        Options.compaction_style: kCompactionStyleLevel
2021/11/18-10:22:40.600355 af9c                          Options.compaction_pri: kByCompensatedSize
2021/11/18-10:22:40.600363 af9c Options.compaction_options_universal.size_ratio: 1
2021/11/18-10:22:40.600372 af9c Options.compaction_options_universal.min_merge_width: 2
2021/11/18-10:22:40.600380 af9c Options.compaction_options_universal.max_merge_width: 4294967295
2021/11/18-10:22:40.600388 af9c Options.compaction_options_universal.max_size_amplification_percent: 200
2021/11/18-10:22:40.600397 af9c Options.compaction_options_universal.compression_size_percent: -1
2021/11/18-10:22:40.600406 af9c Options.compaction_options_universal.stop_style: kCompactionStopStyleTotalSize
2021/11/18-10:22:40.600417 af9c Options.compaction_options_fifo.max_table_files_size: 1073741824
2021/11/18-10:22:40.600425 af9c Options.compaction_options_fifo.allow_compaction: 0
2021/11/18-10:22:40.600434 af9c Options.compaction_options_fifo.ttl: 0
2021/11/18-10:22:40.600442 af9c                   Options.table_properties_collectors: 
2021/11/18-10:22:40.600451 af9c                   Options.inplace_update_support: 0
2021/11/18-10:22:40.600459 af9c                 Options.inplace_update_num_locks: 10000
2021/11/18-10:22:40.600468 af9c               Options.memtable_prefix_bloom_size_ratio: 0.125000
2021/11/18-10:22:40.600476 af9c   Options.memtable_huge_page_size: 0
2021/11/18-10:22:40.600485 af9c                           Options.bloom_locality: 0
2021/11/18-10:22:40.600493 af9c                    Options.max_successive_merges: 0
2021/11/18-10:22:40.600501 af9c                Options.optimize_filters_for_hits: 0
2021/11/18-10:22:40.600510 af9c                Options.paranoid_file_checks: 0
2021/11/18-10:22:40.600518 af9c                Options.force_consistency_checks: 1
2021/11/18-10:22:40.600527 af9c                Options.report_bg_io_stats: 0
2021/11/18-10:22:40.600535 af9c                               Options.ttl: 0
2021/11/18-10:22:40.609552 af9c [db\version_set.cc:3724] Recovered from manifest file:D:\Developer\bishe\nacos\data\protocol\raft\naming_instance_metadata\log/MANIFEST-000027 succeeded,manifest_file_number is 27, next_file_number is 30, last_sequence is 704, log_number is 0,prev_log_number is 0,max_column_family is 1,min_log_number_to_keep is 0
2021/11/18-10:22:40.609581 af9c [db\version_set.cc:3732] Column family [default] (ID 0), log number is 26
2021/11/18-10:22:40.609590 af9c [db\version_set.cc:3732] Column family [Configuration] (ID 1), log number is 26
2021/11/18-10:22:40.610387 af9c EVENT_LOG_v1 {"time_micros": 1637202160610379, "job": 1, "event": "recovery_started", "log_files": [29]}
2021/11/18-10:22:40.610404 af9c [db\db_impl_open.cc:578] Recovering log #29 mode 2
2021/11/18-10:22:40.614273 af9c EVENT_LOG_v1 {"time_micros": 1637202160614240, "cf_name": "default", "job": 1, "event": "table_file_creation", "file_number": 30, "file_size": 747, "table_properties": {"data_size": 0, "index_size": 13, "filter_size": 0, "raw_key_size": 32, "raw_average_key_size": 0, "raw_value_size": 16, "raw_average_value_size": 0, "num_data_blocks": 0, "num_entries": 0, "filter_policy_name": ""}}
2021/11/18-10:22:40.617471 af9c [db\version_set.cc:3037] Creating manifest 31
2021/11/18-10:22:40.627443 af9c EVENT_LOG_v1 {"time_micros": 1637202160627425, "cf_name": "Configuration", "job": 1, "event": "table_file_creation", "file_number": 32, "file_size": 877, "table_properties": {"data_size": 44, "index_size": 49, "filter_size": 0, "raw_key_size": 58, "raw_average_key_size": 58, "raw_value_size": 24, "raw_average_value_size": 24, "num_data_blocks": 1, "num_entries": 1, "filter_policy_name": ""}}
2021/11/18-10:22:40.631506 af9c EVENT_LOG_v1 {"time_micros": 1637202160631497, "job": 1, "event": "recovery_finished"}
2021/11/18-10:22:40.642149 af9c [db\db_impl_open.cc:1314] DB pointer 0000026795525220
2021/11/18-10:22:40.642888 17058 [WARN] [db\db_impl.cc:669] ------- DUMPING STATS -------
2021/11/18-10:22:40.642933 17058 [WARN] [db\db_impl.cc:670] 
** DB Stats **
Uptime(secs): 0.0 total, 0.0 interval
Cumulative writes: 0 writes, 0 keys, 0 commit groups, 0.0 writes per commit group, ingest: 0.00 GB, 0.00 MB/s
Cumulative WAL: 0 writes, 0 syncs, 0.00 writes per sync, written: 0.00 GB, 0.00 MB/s
Cumulative stall: 00:00:0.000 H:M:S, 0.0 percent
Interval writes: 0 writes, 0 keys, 0 commit groups, 0.0 writes per commit group, ingest: 0.00 MB, 0.00 MB/s
Interval WAL: 0 writes, 0 syncs, 0.00 writes per sync, written: 0.00 MB, 0.00 MB/s
Interval stall: 00:00:0.000 H:M:S, 0.0 percent

** Compaction Stats [default] **
Level    Files   Size     Score Read(GB)  Rn(GB) Rnp1(GB) Write(GB) Wnew(GB) Moved(GB) W-Amp Rd(MB/s) Wr(MB/s) Comp(sec) Comp(cnt) Avg(sec) KeyIn KeyDrop
----------------------------------------------------------------------------------------------------------------------------------------------------------
  L0      7/0    5.08 KB   0.7      0.0     0.0      0.0       0.0      0.0       0.0   1.0      0.0      0.2         0         1    0.003       0      0
 Sum      7/0    5.08 KB   0.0      0.0     0.0      0.0       0.0      0.0       0.0   1.0      0.0      0.2         0         1    0.003       0      0
 Int      0/0    0.00 KB   0.0      0.0     0.0      0.0       0.0      0.0       0.0   1.0      0.0      0.2         0         1    0.003       0      0
Uptime(secs): 0.0 total, 0.0 interval
Flush(GB): cumulative 0.000, interval 0.000
AddFile(GB): cumulative 0.000, interval 0.000
AddFile(Total Files): cumulative 0, interval 0
AddFile(L0 Files): cumulative 0, interval 0
AddFile(Keys): cumulative 0, interval 0
Cumulative compaction: 0.00 GB write, 0.02 MB/s write, 0.00 GB read, 0.00 MB/s read, 0.0 seconds
Interval compaction: 0.00 GB write, 0.02 MB/s write, 0.00 GB read, 0.00 MB/s read, 0.0 seconds
Stalls(count): 0 level0_slowdown, 0 level0_slowdown_with_compaction, 0 level0_numfiles, 0 level0_numfiles_with_compaction, 0 stop for pending_compaction_bytes, 0 slowdown for pending_compaction_bytes, 0 memtable_compaction, 0 memtable_slowdown, interval 0 total count

** File Read Latency Histogram By Level [default] **
** Level 0 read latency histogram (micros):
Count: 35 Average: 184.3714  StdDev: 470.75
Min: 1  Median: 2.0833  Max: 1970
Percentiles: P50: 2.08 P75: 4.25 P99: 1970.00 P99.9: 1970.00 P99.99: 1970.00
------------------------------------------------------
[       0,       1 ]        1   2.857%   2.857% #
(       1,       2 ]       16  45.714%  48.571% #########
(       2,       3 ]        6  17.143%  65.714% ###
(       3,       4 ]        3   8.571%  74.286% ##
(       4,       6 ]        2   5.714%  80.000% #
(      34,      51 ]        1   2.857%  82.857% #
(     170,     250 ]        1   2.857%  85.714% #
(     380,     580 ]        1   2.857%  88.571% #
(     580,     870 ]        1   2.857%  91.429% #
(     870,    1300 ]        1   2.857%  94.286% #
(    1300,    1900 ]        1   2.857%  97.143% #
(    1900,    2900 ]        1   2.857% 100.000% #


** Compaction Stats [Configuration] **
Level    Files   Size     Score Read(GB)  Rn(GB) Rnp1(GB) Write(GB) Wnew(GB) Moved(GB) W-Amp Rd(MB/s) Wr(MB/s) Comp(sec) Comp(cnt) Avg(sec) KeyIn KeyDrop
----------------------------------------------------------------------------------------------------------------------------------------------------------
  L0      7/0    5.96 KB   0.7      0.0     0.0      0.0       0.0      0.0       0.0   1.0      0.0      0.3         0         1    0.003       0      0
 Sum      7/0    5.96 KB   0.0      0.0     0.0      0.0       0.0      0.0       0.0   1.0      0.0      0.3         0         1    0.003       0      0
 Int      0/0    0.00 KB   0.0      0.0     0.0      0.0       0.0      0.0       0.0   1.0      0.0      0.3         0         1    0.003       0      0
Uptime(secs): 0.0 total, 0.0 interval
Flush(GB): cumulative 0.000, interval 0.000
AddFile(GB): cumulative 0.000, interval 0.000
AddFile(Total Files): cumulative 0, interval 0
AddFile(L0 Files): cumulative 0, interval 0
AddFile(Keys): cumulative 0, interval 0
Cumulative compaction: 0.00 GB write, 0.02 MB/s write, 0.00 GB read, 0.00 MB/s read, 0.0 seconds
Interval compaction: 0.00 GB write, 0.02 MB/s write, 0.00 GB read, 0.00 MB/s read, 0.0 seconds
Stalls(count): 0 level0_slowdown, 0 level0_slowdown_with_compaction, 0 level0_numfiles, 0 level0_numfiles_with_compaction, 0 stop for pending_compaction_bytes, 0 slowdown for pending_compaction_bytes, 0 memtable_compaction, 0 memtable_slowdown, interval 0 total count

** File Read Latency Histogram By Level [Configuration] **
** Level 0 read latency histogram (micros):
Count: 49 Average: 122.7551  StdDev: 371.69
Min: 1  Median: 1.8043  Max: 1828
Percentiles: P50: 1.80 P75: 2.97 P99: 1753.00 P99.9: 1828.00 P99.99: 1828.00
------------------------------------------------------
[       0,       1 ]        6  12.245%  12.245% ##
(       1,       2 ]       23  46.939%  59.184% #########
(       2,       3 ]        8  16.327%  75.510% ###
(       3,       4 ]        2   4.082%  79.592% #
(       4,       6 ]        1   2.041%  81.633% 
(       6,      10 ]        2   4.082%  85.714% #
(      22,      34 ]        1   2.041%  87.755% 
(     170,     250 ]        1   2.041%  89.796% 
(     580,     870 ]        2   4.082%  93.878% #
(     870,    1300 ]        1   2.041%  95.918% 
(    1300,    1900 ]        2   4.082% 100.000% #


** Compaction Stats [default] **
Level    Files   Size     Score Read(GB)  Rn(GB) Rnp1(GB) Write(GB) Wnew(GB) Moved(GB) W-Amp Rd(MB/s) Wr(MB/s) Comp(sec) Comp(cnt) Avg(sec) KeyIn KeyDrop
----------------------------------------------------------------------------------------------------------------------------------------------------------
  L0      7/0    5.08 KB   0.7      0.0     0.0      0.0       0.0      0.0       0.0   1.0      0.0      0.2         0         1    0.003       0      0
 Sum      7/0    5.08 KB   0.0      0.0     0.0      0.0       0.0      0.0       0.0   1.0      0.0      0.2         0         1    0.003       0      0
 Int      0/0    0.00 KB   0.0      0.0     0.0      0.0       0.0      0.0       0.0   0.0      0.0      0.0         0         0    0.000       0      0
Uptime(secs): 0.0 total, 0.0 interval
Flush(GB): cumulative 0.000, interval 0.000
AddFile(GB): cumulative 0.000, interval 0.000
AddFile(Total Files): cumulative 0, interval 0
AddFile(L0 Files): cumulative 0, interval 0
AddFile(Keys): cumulative 0, interval 0
Cumulative compaction: 0.00 GB write, 0.02 MB/s write, 0.00 GB read, 0.00 MB/s read, 0.0 seconds
Interval compaction: 0.00 GB write, 0.00 MB/s write, 0.00 GB read, 0.00 MB/s read, 0.0 seconds
Stalls(count): 0 level0_slowdown, 0 level0_slowdown_with_compaction, 0 level0_numfiles, 0 level0_numfiles_with_compaction, 0 stop for pending_compaction_bytes, 0 slowdown for pending_compaction_bytes, 0 memtable_compaction, 0 memtable_slowdown, interval 0 total count

** File Read Latency Histogram By Level [default] **
** Level 0 read latency histogram (micros):
Count: 35 Average: 184.3714  StdDev: 470.75
Min: 1  Median: 2.0833  Max: 1970
Percentiles: P50: 2.08 P75: 4.25 P99: 1970.00 P99.9: 1970.00 P99.99: 1970.00
------------------------------------------------------
[       0,       1 ]        1   2.857%   2.857% #
(       1,       2 ]       16  45.714%  48.571% #########
(       2,       3 ]        6  17.143%  65.714% ###
(       3,       4 ]        3   8.571%  74.286% ##
(       4,       6 ]        2   5.714%  80.000% #
(      34,      51 ]        1   2.857%  82.857% #
(     170,     250 ]        1   2.857%  85.714% #
(     380,     580 ]        1   2.857%  88.571% #
(     580,     870 ]        1   2.857%  91.429% #
(     870,    1300 ]        1   2.857%  94.286% #
(    1300,    1900 ]        1   2.857%  97.143% #
(    1900,    2900 ]        1   2.857% 100.000% #


** Compaction Stats [Configuration] **
Level    Files   Size     Score Read(GB)  Rn(GB) Rnp1(GB) Write(GB) Wnew(GB) Moved(GB) W-Amp Rd(MB/s) Wr(MB/s) Comp(sec) Comp(cnt) Avg(sec) KeyIn KeyDrop
----------------------------------------------------------------------------------------------------------------------------------------------------------
  L0      7/0    5.96 KB   0.7      0.0     0.0      0.0       0.0      0.0       0.0   1.0      0.0      0.3         0         1    0.003       0      0
 Sum      7/0    5.96 KB   0.0      0.0     0.0      0.0       0.0      0.0       0.0   1.0      0.0      0.3         0         1    0.003       0      0
 Int      0/0    0.00 KB   0.0      0.0     0.0      0.0       0.0      0.0       0.0   0.0      0.0      0.0         0         0    0.000       0      0
Uptime(secs): 0.0 total, 0.0 interval
Flush(GB): cumulative 0.000, interval 0.000
AddFile(GB): cumulative 0.000, interval 0.000
AddFile(Total Files): cumulative 0, interval 0
AddFile(L0 Files): cumulative 0, interval 0
AddFile(Keys): cumulative 0, interval 0
Cumulative compaction: 0.00 GB write, 0.02 MB/s write, 0.00 GB read, 0.00 MB/s read, 0.0 seconds
Interval compaction: 0.00 GB write, 0.00 MB/s write, 0.00 GB read, 0.00 MB/s read, 0.0 seconds
Stalls(count): 0 level0_slowdown, 0 level0_slowdown_with_compaction, 0 level0_numfiles, 0 level0_numfiles_with_compaction, 0 stop for pending_compaction_bytes, 0 slowdown for pending_compaction_bytes, 0 memtable_compaction, 0 memtable_slowdown, interval 0 total count

** File Read Latency Histogram By Level [Configuration] **
** Level 0 read latency histogram (micros):
Count: 49 Average: 122.7551  StdDev: 371.69
Min: 1  Median: 1.8043  Max: 1828
Percentiles: P50: 1.80 P75: 2.97 P99: 1753.00 P99.9: 1828.00 P99.99: 1828.00
------------------------------------------------------
[       0,       1 ]        6  12.245%  12.245% ##
(       1,       2 ]       23  46.939%  59.184% #########
(       2,       3 ]        8  16.327%  75.510% ###
(       3,       4 ]        2   4.082%  79.592% #
(       4,       6 ]        1   2.041%  81.633% 
(       6,      10 ]        2   4.082%  85.714% #
(      22,      34 ]        1   2.041%  87.755% 
(     170,     250 ]        1   2.041%  89.796% 
(     580,     870 ]        2   4.082%  93.878% #
(     870,    1300 ]        1   2.041%  95.918% 
(    1300,    1900 ]        2   4.082% 100.000% #

2021/11/18-10:22:40.644032 17058 [WARN] [db\db_impl.cc:617] STATISTICS:
 rocksdb.block.cache.miss COUNT : 28
rocksdb.block.cache.hit COUNT : 7
rocksdb.block.cache.add COUNT : 28
rocksdb.block.cache.add.failures COUNT : 0
rocksdb.block.cache.index.miss COUNT : 7
rocksdb.block.cache.index.hit COUNT : 7
rocksdb.block.cache.index.add COUNT : 7
rocksdb.block.cache.index.bytes.insert COUNT : 714
rocksdb.block.cache.index.bytes.evict COUNT : 0
rocksdb.block.cache.filter.miss COUNT : 0
rocksdb.block.cache.filter.hit COUNT : 0
rocksdb.block.cache.filter.add COUNT : 0
rocksdb.block.cache.filter.bytes.insert COUNT : 0
rocksdb.block.cache.filter.bytes.evict COUNT : 0
rocksdb.block.cache.data.miss COUNT : 21
rocksdb.block.cache.data.hit COUNT : 0
rocksdb.block.cache.data.add COUNT : 21
rocksdb.block.cache.data.bytes.insert COUNT : 2857
rocksdb.block.cache.bytes.read COUNT : 714
rocksdb.block.cache.bytes.write COUNT : 3571
rocksdb.bloom.filter.useful COUNT : 0
rocksdb.bloom.filter.full.positive COUNT : 0
rocksdb.bloom.filter.full.true.positive COUNT : 0
rocksdb.persistent.cache.hit COUNT : 0
rocksdb.persistent.cache.miss COUNT : 0
rocksdb.sim.block.cache.hit COUNT : 0
rocksdb.sim.block.cache.miss COUNT : 0
rocksdb.memtable.hit COUNT : 0
rocksdb.memtable.miss COUNT : 0
rocksdb.l0.hit COUNT : 0
rocksdb.l1.hit COUNT : 0
rocksdb.l2andup.hit COUNT : 0
rocksdb.compaction.key.drop.new COUNT : 0
rocksdb.compaction.key.drop.obsolete COUNT : 0
rocksdb.compaction.key.drop.range_del COUNT : 0
rocksdb.compaction.key.drop.user COUNT : 0
rocksdb.compaction.range_del.drop.obsolete COUNT : 0
rocksdb.compaction.optimized.del.drop.obsolete COUNT : 0
rocksdb.compaction.cancelled COUNT : 0
rocksdb.number.keys.written COUNT : 1
rocksdb.number.keys.read COUNT : 0
rocksdb.number.keys.updated COUNT : 0
rocksdb.bytes.written COUNT : 31
rocksdb.bytes.read COUNT : 0
rocksdb.number.db.seek COUNT : 2
rocksdb.number.db.next COUNT : 1
rocksdb.number.db.prev COUNT : 0
rocksdb.number.db.seek.found COUNT : 1
rocksdb.number.db.next.found COUNT : 0
rocksdb.number.db.prev.found COUNT : 0
rocksdb.db.iter.bytes.read COUNT : 26
rocksdb.no.file.closes COUNT : 0
rocksdb.no.file.opens COUNT : 14
rocksdb.no.file.errors COUNT : 0
rocksdb.l0.slowdown.micros COUNT : 0
rocksdb.memtable.compaction.micros COUNT : 0
rocksdb.l0.num.files.stall.micros COUNT : 0
rocksdb.stall.micros COUNT : 0
rocksdb.db.mutex.wait.micros COUNT : 0
rocksdb.rate.limit.delay.millis COUNT : 0
rocksdb.num.iterators COUNT : 0
rocksdb.number.multiget.get COUNT : 0
rocksdb.number.multiget.keys.read COUNT : 0
rocksdb.number.multiget.bytes.read COUNT : 0
rocksdb.number.deletes.filtered COUNT : 0
rocksdb.number.merge.failures COUNT : 0
rocksdb.bloom.filter.prefix.checked COUNT : 0
rocksdb.bloom.filter.prefix.useful COUNT : 0
rocksdb.number.reseeks.iteration COUNT : 0
rocksdb.getupdatessince.calls COUNT : 0
rocksdb.block.cachecompressed.miss COUNT : 0
rocksdb.block.cachecompressed.hit COUNT : 0
rocksdb.block.cachecompressed.add COUNT : 0
rocksdb.block.cachecompressed.add.failures COUNT : 0
rocksdb.wal.synced COUNT : 0
rocksdb.wal.bytes COUNT : 0
rocksdb.write.self COUNT : 1
rocksdb.write.other COUNT : 0
rocksdb.write.timeout COUNT : 0
rocksdb.write.wal COUNT : 1
rocksdb.compact.read.bytes COUNT : 0
rocksdb.compact.write.bytes COUNT : 1624
rocksdb.flush.write.bytes COUNT : 0
rocksdb.number.direct.load.table.properties COUNT : 0
rocksdb.number.superversion_acquires COUNT : 2
rocksdb.number.superversion_releases COUNT : 0
rocksdb.number.superversion_cleanups COUNT : 0
rocksdb.number.block.compressed COUNT : 1
rocksdb.number.block.decompressed COUNT : 7
rocksdb.number.block.not_compressed COUNT : 0
rocksdb.merge.operation.time.nanos COUNT : 0
rocksdb.filter.operation.time.nanos COUNT : 0
rocksdb.row.cache.hit COUNT : 0
rocksdb.row.cache.miss COUNT : 0
rocksdb.read.amp.estimate.useful.bytes COUNT : 0
rocksdb.read.amp.total.read.bytes COUNT : 0
rocksdb.number.rate_limiter.drains COUNT : 0
rocksdb.number.iter.skip COUNT : 6
rocksdb.blobdb.num.put COUNT : 0
rocksdb.blobdb.num.write COUNT : 0
rocksdb.blobdb.num.get COUNT : 0
rocksdb.blobdb.num.multiget COUNT : 0
rocksdb.blobdb.num.seek COUNT : 0
rocksdb.blobdb.num.next COUNT : 0
rocksdb.blobdb.num.prev COUNT : 0
rocksdb.blobdb.num.keys.written COUNT : 0
rocksdb.blobdb.num.keys.read COUNT : 0
rocksdb.blobdb.bytes.written COUNT : 0
rocksdb.blobdb.bytes.read COUNT : 0
rocksdb.blobdb.write.inlined COUNT : 0
rocksdb.blobdb.write.inlined.ttl COUNT : 0
rocksdb.blobdb.write.blob COUNT : 0
rocksdb.blobdb.write.blob.ttl COUNT : 0
rocksdb.blobdb.blob.file.bytes.written COUNT : 0
rocksdb.blobdb.blob.file.bytes.read COUNT : 0
rocksdb.blobdb.blob.file.synced COUNT : 0
rocksdb.blobdb.blob.index.expired.count COUNT : 0
rocksdb.blobdb.blob.index.expired.size COUNT : 0
rocksdb.blobdb.blob.index.evicted.count COUNT : 0
rocksdb.blobdb.blob.index.evicted.size COUNT : 0
rocksdb.blobdb.gc.num.files COUNT : 0
rocksdb.blobdb.gc.num.new.files COUNT : 0
rocksdb.blobdb.gc.failures COUNT : 0
rocksdb.blobdb.gc.num.keys.overwritten COUNT : 0
rocksdb.blobdb.gc.num.keys.expired COUNT : 0
rocksdb.blobdb.gc.num.keys.relocated COUNT : 0
rocksdb.blobdb.gc.bytes.overwritten COUNT : 0
rocksdb.blobdb.gc.bytes.expired COUNT : 0
rocksdb.blobdb.gc.bytes.relocated COUNT : 0
rocksdb.blobdb.fifo.num.files.evicted COUNT : 0
rocksdb.blobdb.fifo.num.keys.evicted COUNT : 0
rocksdb.blobdb.fifo.bytes.evicted COUNT : 0
rocksdb.txn.overhead.mutex.prepare COUNT : 0
rocksdb.txn.overhead.mutex.old.commit.map COUNT : 0
rocksdb.txn.overhead.duplicate.key COUNT : 0
rocksdb.txn.overhead.mutex.snapshot COUNT : 0
rocksdb.number.multiget.keys.found COUNT : 0
rocksdb.num.iterator.created COUNT : 2
rocksdb.num.iterator.deleted COUNT : 2
rocksdb.db.get.micros P50 : 0.000000 P95 : 0.000000 P99 : 0.000000 P100 : 0.000000 COUNT : 0 SUM : 0
rocksdb.db.write.micros P50 : 0.000000 P95 : 0.000000 P99 : 0.000000 P100 : 0.000000 COUNT : 0 SUM : 0
